-1.000000 -1.000000 0.000000 
-1.000000 -0.777778 0.395062 
-1.000000 -0.555556 0.691358 
-1.000000 -0.333333 0.888889 
-1.000000 -0.111111 0.987654 
-1.000000 0.111111 0.987654 
-1.000000 0.333333 0.888889 
-1.000000 0.555556 0.691358 
-1.000000 0.777778 0.395062 
-1.000000 1.000000 0.000000 

-0.777778 -1.000000 -0.395062 
-0.777778 -0.777778 0.000000 
-0.777778 -0.555556 0.296296 
-0.777778 -0.333333 0.493827 
-0.777778 -0.111111 0.592593 
-0.777778 0.111111 0.592593 
-0.777778 0.333333 0.493827 
-0.777778 0.555556 0.296296 
-0.777778 0.777778 0.000000 
-0.777778 1.000000 -0.395062 

-0.555556 -1.000000 -0.691358 
-0.555556 -0.777778 -0.296296 
-0.555556 -0.555556 0.000000 
-0.555556 -0.333333 0.197531 
-0.555556 -0.111111 0.296296 
-0.555556 0.111111 0.296296 
-0.555556 0.333333 0.197531 
-0.555556 0.555556 0.000000 
-0.555556 0.777778 -0.296296 
-0.555556 1.000000 -0.691358 

-0.333333 -1.000000 -0.888889 
-0.333333 -0.777778 -0.493827 
-0.333333 -0.555556 -0.197531 
-0.333333 -0.333333 0.000000 
-0.333333 -0.111111 0.098765 
-0.333333 0.111111 0.098765 
-0.333333 0.333333 0.000000 
-0.333333 0.555556 -0.197531 
-0.333333 0.777778 -0.493827 
-0.333333 1.000000 -0.888889 

-0.111111 -1.000000 -0.987654 
-0.111111 -0.777778 -0.592593 
-0.111111 -0.555556 -0.296296 
-0.111111 -0.333333 -0.098765 
-0.111111 -0.111111 0.000000 
-0.111111 0.111111 0.000000 
-0.111111 0.333333 -0.098765 
-0.111111 0.555556 -0.296296 
-0.111111 0.777778 -0.592593 
-0.111111 1.000000 -0.987654 

0.111111 -1.000000 -0.987654 
0.111111 -0.777778 -0.592593 
0.111111 -0.555556 -0.296296 
0.111111 -0.333333 -0.098765 
0.111111 -0.111111 0.000000 
0.111111 0.111111 0.000000 
0.111111 0.333333 -0.098765 
0.111111 0.555556 -0.296296 
0.111111 0.777778 -0.592593 
0.111111 1.000000 -0.987654 

0.333333 -1.000000 -0.888889 
0.333333 -0.777778 -0.493827 
0.333333 -0.555556 -0.197531 
0.333333 -0.333333 -0.000000 
0.333333 -0.111111 0.098765 
0.333333 0.111111 0.098765 
0.333333 0.333333 0.000000 
0.333333 0.555556 -0.197531 
0.333333 0.777778 -0.493827 
0.333333 1.000000 -0.888889 

0.555556 -1.000000 -0.691358 
0.555556 -0.777778 -0.296296 
0.555556 -0.555556 0.000000 
0.555556 -0.333333 0.197531 
0.555556 -0.111111 0.296296 
0.555556 0.111111 0.296296 
0.555556 0.333333 0.197531 
0.555556 0.555556 0.000000 
0.555556 0.777778 -0.296296 
0.555556 1.000000 -0.691358 

0.777778 -1.000000 -0.395062 
0.777778 -0.777778 -0.000000 
0.777778 -0.555556 0.296296 
0.777778 -0.333333 0.493827 
0.777778 -0.111111 0.592593 
0.777778 0.111111 0.592593 
0.777778 0.333333 0.493827 
0.777778 0.555556 0.296296 
0.777778 0.777778 0.000000 
0.777778 1.000000 -0.395062 

1.000000 -1.000000 0.000000 
1.000000 -0.777778 0.395062 
1.000000 -0.555556 0.691358 
1.000000 -0.333333 0.888889 
1.000000 -0.111111 0.987654 
1.000000 0.111111 0.987654 
1.000000 0.333333 0.888889 
1.000000 0.555556 0.691358 
1.000000 0.777778 0.395062 
1.000000 1.000000 0.000000 

