-2.385172662511469976e+00 1.539594546034910083e+00
-1.709508178755640095e+00 1.399972064750780065e+00
-1.131249094381929998e+00 1.812370856741920111e+00
-2.210209714248779989e+00 1.635345764294050097e+00
-2.510216040909289958e+00 1.447762056490899951e+00
-1.974682205915450073e+00 1.430400472854149951e+00
-1.316429610550400087e+00 1.108292650966679949e+00
-2.649206493794920014e+00 1.506177241915009901e+00
-2.380455168709159963e+00 1.547131425079760092e+00
-2.472424447908999845e+00 1.526302372926539919e+00
-3.268468245863920263e-01 2.203306339325139973e+00
-2.647740926966069885e+00 1.514609558074059947e+00
-1.625357714295390110e+00 1.584065033872970041e+00
-9.183043096214530410e-01 1.036528451651580029e+00
-6.837328031659130056e-01 1.803847922831439909e+00
-7.585438314825300177e-01 1.914422974897199925e+00
-6.200667500495909978e-01 1.623833086872110032e+00
-2.143289179354909813e+00 1.533231034561570061e+00
-1.344054245576260076e+00 1.561121021422380073e+00
-2.310303785651920183e+00 1.385456357707830044e+00
-2.666409580037000016e+00 1.494576730803139908e+00
-4.525179728865619810e-01 2.078977937743769822e+00
-1.172478133812550061e+00 1.141038840947850019e+00
-5.948276102542879862e-01 1.306519358913130091e+00
-2.641745157167319835e+00 1.515861977316860010e+00
-1.057718863338229953e+00 1.754174507554469908e+00
-6.774420395493510050e-01 1.869954734331950030e+00
-2.138727897405619860e+00 1.514064453978430036e+00
-1.689071713015440013e+00 1.467581364910639952e+00
-2.179916872456669985e+00 1.374806719548739897e+00
-1.278088461980219970e+00 1.523899000773980106e+00
-1.954855611920359948e+00 1.358746012231990097e+00
-1.638235497102140004e+00 1.467087560261729928e+00
-2.224904010817410072e+00 1.373896923740719922e+00
-1.594253101944919981e+00 1.469073438305279922e+00
-2.595467120781540071e+00 1.470837988176139977e+00
-4.003288093954330273e-01 1.369906731810379918e+00
-6.133546661585570492e-01 1.629446192669659954e+00
-2.173977532982830141e+00 1.560440937994360011e+00
-2.480537721142169971e+00 1.549517410051630018e+00
-8.046602480113510536e-01 1.962096390930629930e+00
-4.680992268025879754e-01 1.922003666769479979e+00
-5.541890904307360532e-01 2.060042658574380070e+00
-1.830250601470470029e+00 1.647454680275459937e+00
-1.468365988880399930e+00 1.152936166630909920e+00
-2.570114646479490172e+00 1.505946724120819979e+00
-3.057553511112929834e-01 1.781223553071370036e+00
-1.023311226814989983e+00 1.713033386426570104e+00
-1.378510510548949908e+00 1.326177730003119892e+00
-3.426057603210210245e-01 1.691541071788740025e+00
-1.545428325980900075e+00 1.409404881023990086e+00
-1.441238578408960080e+00 1.123385673325300038e+00
-1.338901326432820005e+00 1.631147742332740069e+00
-1.391506370902060086e+00 1.320878504500389905e+00
-4.335298094898459853e-01 2.046508087661349951e+00
-5.864404018968339960e-01 9.695926345560570425e-01
-6.714554082602259832e-01 1.778402148600080057e+00
-5.738737989217039814e-01 9.701045903064650089e-01
-2.365318413823839894e+00 1.549651810647850070e+00
-2.265151818841700138e+00 1.423182343611240075e+00
-2.392911940813060134e+00 1.502227398567330008e+00
-1.075849995017049920e+00 1.779819306095119957e+00
-1.415453338623049895e+00 1.556439067297860079e+00
-2.106460056826469973e+00 1.503832719215989933e+00
-1.782538976892829918e+00 1.721893118699109992e+00
-2.029326308146119917e+00 1.569204175198569917e+00
-5.076067931950090095e-01 1.035565576984079916e+00
-1.413469185680150009e+00 1.475364974714679978e+00
-2.409600466489790094e+00 1.525044199381389909e+00
-2.124021602422000221e+00 1.509925922221849959e+00
-2.149770240113140218e+00 1.405302531724740067e+00
-1.396372765302660079e+00 1.259788353229120084e+00
-4.042106598615650137e-01 1.116291913709529959e+00
-8.908667251467710102e-01 1.184742523688760096e+00
-2.173679162934420095e+00 1.588726203475590015e+00
-1.126781486347320005e+00 1.139564340094900041e+00
-7.176109839230779830e-01 1.506050607700220034e+00
-3.080472718924289754e-01 1.709008843458480031e+00
-2.316952241957189962e+00 1.488860245599830101e+00
-6.175795756280419990e-01 8.961442635942880042e-01
-9.289285819977519676e-01 1.675927707457470106e+00
-2.670069150254129831e+00 1.501854155624620102e+00
-8.613168507814410457e-01 1.108224107825140026e+00
-4.505270026624200175e-01 2.002017057833219926e+00
-5.624001279473309634e-01 1.415065845624909890e+00
-1.498378876224160106e+00 1.754213974785389984e+00
-1.199701246619220063e+00 1.470429041080449917e+00
-1.767029883339999996e+00 1.506707590006040043e+00
-5.641869395971299550e-01 2.039358423636369988e+00
-1.964307080581779941e+00 1.719034619278460019e+00
-2.003031151369210061e+00 1.631630301927379900e+00
-7.460976921021940100e-01 9.314652935454800220e-01
-6.978805493563420281e-01 1.711034720362959893e+00
-2.488334951922300142e+00 1.471132311029649919e+00
-2.311812056601049825e+00 1.487846587004250098e+00
-1.478521607816219996e+00 1.801505753933589915e+00
-7.590963363647460493e-01 2.066690449726389822e+00
-2.374317232891919982e+00 1.544803309809110070e+00
-3.232957195490600011e-01 2.016255902840539793e+00
-2.567628429830069781e+00 1.538684958673409930e+00
-8.383174058049920330e-01 1.173914753748430018e+00
-2.500917471572759787e+00 1.459190910366050087e+00
-1.484778014570470095e+00 1.207106779247810069e+00
-2.415672835707659782e+00 1.435077622861079982e+00
-1.731658852100369961e+00 1.332883763954340051e+00
-2.102733390033240113e+00 1.538810143169099920e+00
-1.051691896095870105e+00 1.959183700155850083e+00
-4.041487488895649793e-01 1.713511514944010106e+00
-1.373627284169200102e+00 1.482175324209940026e+00
-2.554419570788740046e+00 1.498918151521110076e+00
-1.889873444661499979e+00 1.377877860116450082e+00
-5.526821337640279719e-01 1.484643796162040008e+00
-2.270391829311849907e+00 1.502634369920029966e+00
-2.055919965729120058e+00 1.476352767560090040e+00
-2.558683039247990010e+00 1.511099050501939933e+00
-1.405064130574460002e+00 1.366352119339879989e+00
-1.574657457321879894e+00 1.621571767049919899e+00
-1.198680492863060110e+00 1.603954440288970051e+00
-2.495455079153180211e+00 1.489081712896960008e+00
-2.025203878059980145e+00 1.516604493327690095e+00
-8.419982179999350169e-01 1.423805491061459927e+00
-8.426905196160080491e-01 1.593075047757249951e+00
-2.114164808392520190e+00 1.519342803359500005e+00
-1.800656244903799941e+00 1.246047568907000080e+00
-1.024309009686110050e+00 1.725584587327160024e+00
-1.543611327186229953e+00 1.217966351957650017e+00
-1.054041089862590042e+00 1.512927180571030039e+00
-1.498659298941489970e+00 1.780264403643450066e+00
-1.676641983166339944e+00 1.494421913893400067e+00
-7.441546071320770395e-01 1.643526407628320030e+00
-2.486863110959530054e+00 1.510214360048109938e+00
-4.691722769290210260e-01 1.233170201296950097e+00
-2.655983984470370096e+00 1.493146413133600081e+00
-5.474894050508739562e-01 1.955033289585969891e+00
-2.533470939472319827e+00 1.468939065903239971e+00
-8.398020062595610291e-01 1.847715349013349995e+00
-1.384182605892420037e+00 1.547025031889230018e+00
-1.287850445508960107e+00 1.216713402495239960e+00
-2.284152505919339937e+00 1.411511423760509976e+00
-6.088391114026310280e-01 1.155518373173819890e+00
-2.519330198317769831e+00 1.469166814275389976e+00
-2.659265479445460212e+00 1.494145301484369970e+00
-1.658101849257950011e+00 1.391180946948469943e+00
-5.994497884064909909e-01 2.102554743928790160e+00
-7.668192096054550211e-01 1.968583348589800108e+00
-2.116997880488630024e+00 1.575298686621410038e+00
-1.746812352910640076e+00 1.267610966902489977e+00
-2.219328108429909907e+00 1.386139088867230029e+00
-2.378210956603290072e+00 1.492635446370889962e+00
-1.698714737221600046e+00 1.750676609753420099e+00
-1.844933791458609917e+00 1.734667287371250088e+00
-2.418310488760469834e+00 1.525043437450640083e+00
-6.348730299621819784e-01 2.010603462698150157e+00
-1.750309600308540103e+00 1.558537740131999971e+00
-2.449324427917599856e+00 1.494005215914760099e+00
-1.224833210930230010e+00 1.473533826235180033e+00
-4.469455663114790256e-01 2.111639297924980063e+00
-6.369191374629730173e-01 1.603191594078340110e+00
-1.276345601677890018e+00 1.699127872113159965e+00
-1.456753742694850029e+00 1.388063159945869929e+00
-1.635877160355450055e+00 1.795978913064349980e+00
-8.648459427058700077e-01 1.423958237422110029e+00
-7.710881654173139532e-01 9.315588097553679781e-01
-1.273484045639629914e+00 1.733112713203420086e+00
-3.019422635436059821e-01 1.353955520242480004e+00
-1.362668462097639921e+00 1.276387465230460094e+00
-9.595696471631529612e-01 1.070528686730739976e+00
-1.986321342363950082e+00 1.642236954647700031e+00
-2.084396327286960116e+00 1.323157396064730040e+00
-1.084094006940719890e+00 1.068568448493030010e+00
-1.137435607239599911e+00 1.507719596486690072e+00
-5.709370784461500481e-01 1.691902670024570066e+00
-1.917356478050350033e+00 1.634943304509840045e+00
-2.056088776141410168e+00 1.405980015877289935e+00
-1.721950008720160019e+00 1.325469691832479979e+00
-5.501287031918760118e-01 1.331720049350149981e+00
-5.333830699324609848e-01 1.679157879569719958e+00
-8.065642755478620307e-01 1.582476017693670078e+00
-1.120828598365189999e+00 1.789683057646459963e+00
-4.018066607415680114e-01 8.883765799108549466e-01
-1.040533567965030048e+00 1.106845933433199924e+00
-2.485497917979960114e+00 1.453694051452879998e+00
-1.642154426872729944e+00 1.185437937334899994e+00
-4.881801042705780080e-01 1.089157127746060105e+00
-1.819739426672460025e+00 1.442664844793769996e+00
-3.486324705183510009e-01 1.402469037224139958e+00
-1.209862561896440036e+00 1.328609558361200094e+00
-1.031466370448469894e+00 1.602082944111500096e+00
-2.008082614839080016e+00 1.475004106387439951e+00
-1.348226087540389972e+00 1.386504145731640048e+00
-1.208457578346129990e+00 1.184349504717280066e+00
-1.553066802397369939e+00 1.759855230372060042e+00
-3.699659284204239729e-01 8.491395094779969899e-01
-6.455880492925649694e-01 1.963101236640190095e+00
-7.051085975021129659e-01 9.712627088966819811e-01
-2.389046372473239810e+00 1.515362685364999962e+00
-1.696023034304380062e+00 1.660854755531399940e+00
-1.592804491147399970e+00 1.565027239276409965e+00
-1.099541766196489911e+00 1.860722504110100095e+00
-3.817323725670579981e-01 1.687798460641730003e+00
-1.087300572171810087e+00 1.596478182719410110e+00
-2.049942819401620042e+00 1.420536913417399960e+00
-1.860728070884940077e+00 1.425161955238209988e+00
-1.034117954224349933e+00 1.033368276346489978e+00
-2.395766882970930212e+00 1.503498702754749949e+00
-1.173148919641969989e+00 1.418359092039849889e+00
-9.891083020716909813e-01 1.224880261932649983e+00
-2.490621097013350216e+00 1.470227583331950028e+00
-1.715959175303580109e+00 1.296832071231029948e+00
-2.388274399191140152e+00 1.591349257195199929e+00
-2.350839293003080144e+00 1.425280065203800017e+00
-2.604101796448230033e+00 1.503862488216100024e+00
-9.604470580816270031e-01 1.963724993959049980e+00
-8.541080731898550438e-01 1.641039223218830001e+00
-8.044098682701590342e-01 1.681672798216770071e+00
-2.388328564167020218e+00 1.520400803171279902e+00
-2.615895644947889842e+00 1.524009607032899893e+00
-2.453606921061870061e+00 1.495594469630550094e+00
-1.142666043341159954e+00 1.855002744363660083e+00
-5.117906492203470048e-01 1.956556575856490010e+00
-3.865570720285180228e-01 1.983109648000249914e+00
-2.469661313295360205e+00 1.436789838414110010e+00
-1.588476822897789908e+00 1.769557223821339953e+00
-1.132575358450409908e+00 1.541522172248390055e+00
-1.383369025960559995e+00 1.308032236609399934e+00
-1.893911227583890078e+00 1.728527034594089962e+00
-6.896225050091739917e-01 1.507324832616560029e+00
-1.354029662534590006e+00 1.676144551892450041e+00
-1.900799601897600111e+00 1.612107268631179924e+00
-7.399996217340230054e-01 1.757922748803999902e+00
-1.151409871503709992e+00 1.637167050558590020e+00
-1.150370578095319951e+00 1.895816450118630092e+00
-1.685913757234809962e+00 1.537391917931149932e+00
-1.834038348868489932e+00 1.373889429822739983e+00
-2.358268693462009846e+00 1.421237055815250061e+00
-1.949636552855370075e+00 1.604762373774839990e+00
-1.828621840104460050e+00 1.337213529108780108e+00
-1.495726571604609978e+00 1.446867596619060059e+00
-1.191520932689309920e+00 1.729174209970560039e+00
-2.351702833548189986e+00 1.415579670223449993e+00
-2.634715779125690105e+00 1.487463809649999913e+00
-1.344171073660249904e+00 1.709060550723989991e+00
-9.524349879473450464e-01 1.030416718893460093e+00
-1.346867379918690100e+00 1.804440055069260085e+00
-7.345227565616370136e-01 9.968603554721859883e-01
-6.973802458494899881e-01 1.114607684153180012e+00
-7.305957790464160384e-01 1.587026485389930075e+00
-1.945434347167610101e+00 1.346244620445270046e+00
-1.130069500207899980e+00 1.116121493980940071e+00
-2.452027201652529964e+00 1.504886537464789953e+00
-1.508952942118050089e+00 1.716744106207940046e+00
-2.697410689294339914e+00 1.499429409815459913e+00
-9.133392333984380329e-01 1.860690295948979944e+00
-1.540679344162340092e+00 1.587607466816979951e+00
-2.018920606747269808e+00 1.517259867740589963e+00
-1.812578392401340110e+00 1.521068688017559900e+00
-1.408858078345659903e+00 1.700865320791820068e+00
-1.916516846045849931e+00 1.578617566913119941e+00
-1.996438985690470069e+00 1.702269043532030013e+00
-1.103679365292189907e+00 1.883484116661799934e+00
-9.170972686260939755e-01 1.520601509843289900e+00
-2.277856670692560037e+00 1.432767234344330065e+00
-2.184664952382449954e+00 1.607724265049899959e+00
-3.380183581262830028e-01 1.869339205407839932e+00
-1.167603036761279967e+00 1.268521150928570096e+00
-2.340731709077950029e+00 1.591808167916890060e+00
-1.116733343526719935e+00 1.485239100896829978e+00
-1.871053659170869965e+00 1.272279488143960080e+00
-1.757613742724059902e+00 1.473102744027960043e+00
-2.697841668874020105e+00 1.499500924372940025e+00
-1.977481957152489978e+00 1.601288321827619932e+00
-1.744617345929150076e+00 1.480002514383000012e+00
-2.275385678932070110e+00 1.509861403419590076e+00
-2.571517905592919817e+00 1.519226115357509954e+00
-2.273417866230010187e+00 1.453707905171429893e+00
-9.882593750953669876e-01 1.168220233819629916e+00
-2.431489738449450044e+00 1.476637457893299921e+00
-2.074135233834390135e+00 1.642248084110679907e+00
-2.554716506972909862e+00 1.491997365440280054e+00
-1.412472429871560076e+00 1.460048413762609965e+00
-1.964245178550479975e+00 1.468967675241350079e+00
-2.611317242681979955e+00 1.475414987739589900e+00
-3.329206332564360049e-01 1.442560087682970060e+00
-8.649888854473829491e-01 1.422845419412239965e+00
-9.576086662709709652e-01 1.835915459469600108e+00
-6.202602177858349553e-01 1.181038602566820028e+00
-1.590283675119279927e+00 1.334175354522459944e+00
-9.639843229204420050e-01 1.159523171313380008e+00
-1.020696494355799899e+00 1.018893192044119989e+00
-1.775689200684430036e+00 1.706031495240490026e+00
-1.788363032788039986e+00 1.290896704353069913e+00
-1.669281560182569901e+00 1.212642418816290091e+00
-2.628101921081539949e+00 1.499838461996370054e+00
-1.345429885759950039e+00 1.858934203177599942e+00
-2.613906184583899783e+00 1.521066217588570080e+00
-1.141653190925719930e+00 1.942115575947849893e+00
-1.173405058309439974e+00 1.607318456676990026e+00
-1.023012487962839945e+00 1.805684609302870003e+00
-1.446826065704230002e+00 1.780185729735910050e+00
-1.804652012139559947e+00 1.256832211149859990e+00
-7.697007995098830158e-01 1.759952304555520097e+00
-7.431459713727239791e-01 1.718029962168420077e+00
-1.449456714838740057e+00 1.462797428976049918e+00
-2.274302285537120216e+00 1.404376619539160043e+00
-1.952372774854300053e+00 1.531919733978069909e+00
-1.619448779895900081e+00 1.182416473071010055e+00
-1.201707704365249985e+00 1.424570144563529928e+00
-2.018711300566789824e+00 1.298879608430079990e+00
-1.997103340923789938e+00 1.426925913478779950e+00
-1.813720915094019892e+00 1.520514469459729900e+00
-5.911113984882829797e-01 1.336952391241529980e+00
-7.973174672573809518e-01 1.302759697621090007e+00
-1.045303248614070091e+00 1.702002687532000014e+00
-2.415113968402149869e+00 1.420198814140170018e+00
-3.503014113754029935e-01 1.843171952958470028e+00
-1.294244354590770030e+00 1.406919082861959991e+00
-9.449630733579400532e-01 1.370846748437400064e+00
-2.411735613271590140e+00 1.533117974702119968e+00
-1.043143574148420072e+00 1.825556652675049962e+00
-1.432384690269830063e+00 1.123049411488300064e+00
-1.081018183752890049e+00 1.592038442428810097e+00
-4.161693144589659887e-01 1.467084154199399970e+00
-8.275457572191949884e-01 1.658443834364790037e+00
-7.830872699618339761e-01 2.052199660180409779e+00
-9.190528068691490304e-01 1.847057136628829976e+00
-2.230249978601929861e+00 1.533894027496889967e+00
-1.176035683974619994e+00 1.221217917959799948e+00
-2.063158238679169809e+00 1.595444669245549951e+00
-1.113531392812729948e+00 1.887849299725449903e+00
-1.245411830395459996e+00 1.377588378835240102e+00
-2.307170058041810190e+00 1.607324829272519962e+00
-1.379033030569549956e+00 1.596386189482430051e+00
-1.715602128580210106e+00 1.592295337043929893e+00
-7.261400509625669519e-01 1.827749042009350067e+00
-1.044886725023389973e+00 1.619509723485250019e+00
-2.410066360607740155e+00 1.479318999751030095e+00
-1.681058840453619974e+00 1.536701361329160020e+00
-1.606759651377799969e+00 1.743395710087769945e+00
-4.622940201312299990e-01 1.457719198361729918e+00
-2.153437412157650055e+00 1.510578465187299990e+00
-1.133255523070689996e+00 1.764167224175730020e+00
-1.453933151811360069e+00 1.202665789834070020e+00
-1.723364211246370070e+00 1.382244392238930031e+00
-2.561042813211679814e+00 1.467117151819790077e+00
-7.433515246957540512e-01 1.202070798419480058e+00
-1.975589562579989966e+00 1.711206822799909988e+00
-1.516296251490709901e+00 1.413859054874480048e+00
-2.641903767362240085e+00 1.511958853816020021e+00
-1.312044113874440088e+00 1.699376037208419898e+00
-1.983096854388709973e+00 1.462572977857979906e+00
-2.440268829837440201e+00 1.558555025730780086e+00
-1.301105438545349990e+00 1.367421627155930075e+00
-9.443433869630100119e-01 1.728546572788800084e+00
-3.429443702101709901e-01 1.166469748465090106e+00
-8.582242805510760242e-01 1.833605989162290006e+00
-1.904247928038240056e+00 1.540798146761150011e+00
-1.125664311647420091e+00 1.917170014107240084e+00
-2.515932563692329982e+00 1.445764689273979942e+00
-5.719878248870370330e-01 1.234340969885149963e+00
-1.380020237714050024e+00 1.664956243945920011e+00
-2.499688867852090102e+00 1.531508919891459986e+00
-9.426992408931259559e-01 1.216139721134910090e+00
-9.722451634705070456e-01 1.316664078327439924e+00
-2.413112025707960129e+00 1.422983931497050047e+00
-1.089013829827309987e+00 1.598501614787680047e+00
-2.133007081970569985e+00 1.535433904528979987e+00
-2.523819875344630148e+00 1.529041375860509921e+00
-4.959501229226589980e-01 1.867140317818789974e+00
-1.374242841079829969e+00 1.235040917999139953e+00
-2.146105561405419859e+00 1.625157127853499972e+00
-3.654228419065480016e-01 1.989277381434040093e+00
-2.350754537433390023e+00 1.549635820698100019e+00
-1.253436513617629977e+00 1.207984742252389943e+00
-6.995555128902199993e-01 2.035374211649379816e+00
-2.229853473231199867e+00 1.470930732395770102e+00
-1.422655005007980034e+00 1.224521655956489985e+00
-1.812706899270420058e+00 1.574344271582400090e+00
-1.418715910613540077e+00 1.673518008404899948e+00
-3.422832861542700056e-01 2.056909225156080101e+00
-2.574836877733469809e+00 1.500519330350019942e+00
-9.556805346161130199e-01 1.315655242195969965e+00
-2.350695632770659849e+00 1.426515334517600042e+00
-1.344157325103880085e+00 1.787386985905480064e+00
-5.255476187914609465e-01 1.511518068508429957e+00
-5.934523668140170294e-01 2.103571947270570064e+00
-1.608338256552819923e+00 1.707123891771809898e+00
-2.152387651428580018e+00 1.626053069085370062e+00
-1.709781704843039929e+00 1.450215401853379937e+00
-2.280932315066459992e+00 1.549301632363119907e+00
-3.954205993562939780e-01 1.883715151811500066e+00
-1.559759020060299983e+00 1.166524772512979924e+00
-2.221544694900510208e+00 1.523721401478729920e+00
-1.993716401606800082e+00 1.307262926054119978e+00
-1.686361331865189994e+00 1.455679478990359987e+00
-9.892598044127229873e-01 1.162334367098170063e+00
-1.352148130908610080e+00 1.818893114789559950e+00
-5.860003117471930256e-01 1.073382712528710092e+00
-1.296795220300559937e+00 1.522010456178269910e+00
-5.718347411602739960e-01 1.326300202186339927e+00
-2.216164669767020090e+00 1.429892141147250051e+00
