1.026121381670239918e+00 -1.296310714849350010e+00
8.870365161448720004e-01 -1.335228911703209898e+00
2.447332640737299947e+00 -1.382052559839219930e+00
5.605503771454100059e-01 -1.482400426410960037e+00
1.795465701073410081e+00 -1.390812443543590016e+00
1.978380777686830072e+00 -1.438846636467089990e+00
6.146726679056879750e-01 -1.476121697642859942e+00
5.615449536591770041e-01 -1.487835662156399952e+00
1.043972479552029986e+00 -1.286950525596570083e+00
6.084677360951900038e-01 -1.560363822559420077e+00
2.502530259266499968e+00 -1.981206206741610076e+00
1.606053889542820023e+00 -1.745625712728070100e+00
1.327821469679469901e+00 -1.346996197247410043e+00
1.210452965274450010e+00 -1.321780085661139914e+00
2.088448479026559834e+00 -1.654879192965549972e+00
1.971946244314310093e+00 -1.499773754170689921e+00
9.972244910895819991e-01 -1.456070116166239936e+00
1.321139448881150091e+00 -1.221554332821920053e+00
2.120743841305369859e+00 -1.480993678966820104e+00
2.477448932826519901e+00 -1.508584017422549994e+00
4.713720481842760268e-01 -1.540700211334260050e+00
2.305035154893989802e+00 -1.988294233716219939e+00
1.996172505989669999e+00 -1.851395446131020028e+00
1.099497016891840095e+00 -1.350820021297850060e+00
9.264429654926059632e-01 -1.339172367832619948e+00
2.644223254546520074e+00 -1.640502480202379987e+00
1.747973434254529890e+00 -1.901986077785859930e+00
2.476895891502500113e+00 -1.342574770029510089e+00
7.855896234512329546e-01 -1.487276927316270037e+00
1.360076640173790041e+00 -1.418347677148340091e+00
5.316156718879939680e-01 -1.432565141535129927e+00
5.193295653909449916e-01 -1.441219279428390010e+00
1.925718949735159891e+00 -1.232406286339009949e+00
8.443025909364220150e-01 -1.432826239136230084e+00
1.477707404270770075e+00 -1.579980231010120084e+00
7.254419278353450018e-01 -1.542279944639640021e+00
2.056290875002740215e+00 -1.859710361593349903e+00
1.163845986127850063e+00 -1.530343538092630018e+00
1.642744322866199980e+00 -1.800826786211149999e+00
2.221588251739739839e+00 -1.243582289409790098e+00
1.238419312611219958e+00 -1.403015677716670018e+00
1.419701450318100022e+00 -1.717702360706359954e+00
8.315489329397679485e-01 -1.534162639510030068e+00
7.577639926224950528e-01 -1.449711468196710040e+00
2.159486614912749847e+00 -1.132030196011740042e+00
1.904238455370069971e+00 -1.646093199571680099e+00
1.647053478285670058e+00 -1.659012897717579982e+00
2.372249239683149824e+00 -1.140989257688139968e+00
1.342137910053130101e+00 -1.809550803834629962e+00
4.716791354119779789e-01 -1.525269872020819983e+00
1.246185430884360068e+00 -1.751083484781309929e+00
8.136913776397709519e-01 -1.549958026061990068e+00
9.755170337855819662e-01 -1.463726065977140056e+00
1.911179587617519937e+00 -1.058801954396940026e+00
5.079062942415479842e-01 -1.443808700988330029e+00
9.618959538638589546e-01 -1.618263966684649890e+00
1.566850462183360104e+00 -1.387336508606620056e+00
1.817647357285020027e+00 -1.082971083249210098e+00
2.042906736955050206e+00 -1.572530347689490071e+00
2.234412401542070103e+00 -1.466511521967490017e+00
1.348731837049129911e+00 -1.700309487102579897e+00
8.426273345947270510e-01 -1.345674509816900066e+00
6.252276990562679604e-01 -1.491711524652030052e+00
1.215396026149389908e+00 -1.531805742371930013e+00
8.405692208558319667e-01 -1.480147709689429991e+00
8.340924449265000318e-01 -1.594570940144300009e+00
1.539885303005579908e+00 -1.266809403101460063e+00
2.161032336205240156e+00 -1.327626920496739915e+00
3.114241093397139837e-01 -1.503412936208859962e+00
4.318416539579629787e-01 -1.517710318941110081e+00
1.947689589858059955e+00 -1.368617500011199972e+00
4.865954373031859959e-01 -1.476231649799250034e+00
1.739025552570820032e+00 -1.607037123882830043e+00
2.569091165810819977e+00 -1.831717563380429903e+00
1.464583870768549900e+00 -1.511318264296489966e+00
9.299159377813339677e-01 -1.594932863981280091e+00
2.556708555668589788e+00 -1.443180150086790015e+00
2.179758465662600120e+00 -1.170785163560990050e+00
1.195159762725229946e+00 -1.376884397168510077e+00
4.883387368172409926e-01 -1.452484436300770065e+00
1.503569198772310100e+00 -1.503751168557420081e+00
7.702539335936310350e-01 -1.599004254921249979e+00
5.469464845955369636e-01 -1.522869187355790022e+00
1.258281824737790044e+00 -1.346043432182409960e+00
2.281031082943079991e+00 -9.109272695141460430e-01
2.591667145863179922e+00 -1.700670717393800047e+00
1.854260615631939890e+00 -1.632819694581020054e+00
2.115968976169820159e+00 -1.958261269947779937e+00
2.058714811876420026e+00 -1.886980145360960037e+00
2.536116280406710111e+00 -1.720066100244729945e+00
2.094974001869560176e+00 -1.981024550862060085e+00
2.262737134471540124e+00 -1.047081515289030040e+00
1.339567626267669898e+00 -1.808464971843259939e+00
2.119041896983980156e+00 -1.392141345216939996e+00
1.331255166605110007e+00 -1.318088341161179899e+00
2.004965349286790044e+00 -1.264442496261839910e+00
1.700426664948460065e+00 -1.860270700740850103e+00
9.717658080160620493e-01 -1.572560685829540006e+00
2.277385835722089968e+00 -1.537690725807270065e+00
1.674771090969439991e+00 -1.576390295889460003e+00
3.204295020550489981e-01 -1.505318610441150007e+00
2.582633212208750084e+00 -2.061290686185369925e+00
1.594588416069750103e+00 -1.193338214745800041e+00
2.452104403451090153e+00 -2.135556434978150175e+00
6.219247732311490307e-01 -1.516927914013139977e+00
1.620082541182640057e+00 -1.557001168234140032e+00
2.594758938252930136e+00 -2.180686784602679840e+00
1.479818375408650022e+00 -1.733767818748739975e+00
1.023524427786469904e+00 -1.377893772488240076e+00
2.491736281290649835e+00 -1.438797515165610053e+00
1.988206645846370080e+00 -1.631211661289110104e+00
1.170970268547530058e+00 -1.587682690217000037e+00
1.494127303361890036e+00 -1.590276935076009979e+00
2.211922040954230173e+00 -2.038322069406279802e+00
1.538624938577410006e+00 -1.137902750170110000e+00
1.205190585181119989e+00 -1.242434305014529894e+00
3.605585183948279981e-01 -1.515033362483670043e+00
2.070615807920689999e+00 -1.526604573704579915e+00
1.758637195453049973e+00 -1.312070863209739979e+00
1.478127241507170009e+00 -1.622361110819370067e+00
7.533899623900649489e-01 -1.621837054630909991e+00
4.798722133040430049e-01 -1.485956908275819943e+00
1.364900599792600033e+00 -1.557401058008099914e+00
1.726738611236209975e+00 -1.644154026504589972e+00
9.545339684933420443e-01 -1.442333333677189966e+00
1.315210999175910001e+00 -1.537747805219749964e+00
2.613291501626370028e+00 -1.100791851348269956e+00
1.535778677836060035e+00 -1.829876269466869987e+00
5.931835714727640152e-01 -1.563306539497949954e+00
2.693043029308320069e+00 -1.814558139552590044e+00
1.386357319727540061e+00 -1.389332464184650062e+00
4.359065171331170108e-01 -1.480265200868990050e+00
3.857767548412089909e-01 -1.490351845910679929e+00
8.934651989489790225e-01 -1.326470274487089984e+00
6.240105874836450184e-01 -1.593481398384120062e+00
2.120698394626379990e+00 -1.828666677646179961e+00
2.515477312356229955e+00 -1.097222840768820040e+00
4.530968472361570076e-01 -1.534496061168930003e+00
2.364286278560760124e+00 -2.088579663109729978e+00
1.915265025570989987e+00 -1.435673115177130033e+00
4.116247761994599741e-01 -1.486671598277470085e+00
7.661946214735509963e-01 -1.437878779545550101e+00
5.445242173969749855e-01 -1.517206942732870045e+00
1.127904696017500097e+00 -1.377008042098230023e+00
2.364714428409929958e+00 -2.090810577513679824e+00
4.505767621099949771e-01 -1.502121552772140101e+00
2.290441104769710190e+00 -1.030423374297330108e+00
2.451476214453580216e+00 -1.359748945221330052e+00
1.578352265059949966e+00 -1.734408620997500039e+00
4.506744313985109884e-01 -1.530693523267200096e+00
1.047047175094490079e+00 -1.495914089140629954e+00
1.997826261073349929e+00 -1.259764737508829890e+00
3.787621155381200033e-01 -1.496950400492820021e+00
5.087574865669010071e-01 -1.448485000489369900e+00
2.526059070602059808e+00 -9.574999271817450364e-01
4.498361852020030249e-01 -1.518850670860149910e+00
1.243854898586870039e+00 -1.365668698308909912e+00
7.223482221364979639e-01 -1.457071180169489999e+00
1.968269192799930067e+00 -1.249619301287699935e+00
1.754628487676380022e+00 -1.375991553821900082e+00
1.550218068435790020e+00 -1.745328421003359942e+00
2.250149217993020034e+00 -1.227992177641300087e+00
1.696252204477789904e+00 -1.216975634321350030e+00
1.610321728885169890e+00 -1.835014009218010056e+00
1.909306782111529932e+00 -1.170454387758139925e+00
1.706026575341820006e+00 -1.679738432269630044e+00
1.855243692174550096e+00 -1.740772505738219955e+00
2.507259770482780148e+00 -1.822822899902289961e+00
1.865143788233400102e+00 -1.432831428805249940e+00
1.807908314466480038e+00 -1.268139102287300091e+00
1.896435158327220094e+00 -1.306145477737109983e+00
2.570827969908710209e+00 -1.610300911296040027e+00
2.434828265011309778e+00 -2.109137618860450036e+00
2.312118530273440165e+00 -1.260480401942019935e+00
2.621172915771599943e+00 -8.307979920239799698e-01
1.159961700439450016e+00 -1.634088234759029978e+00
2.275215389952060185e+00 -1.774024404844559921e+00
1.265156715363259909e+00 -1.261383662699689934e+00
2.323214726150040210e+00 -1.616376202463130074e+00
9.158273801207540421e-01 -1.467548589995770092e+00
1.721632275357839914e+00 -1.438278745497379996e+00
1.855141473188999912e+00 -1.475602918025100019e+00
2.573848426714540061e+00 -1.403062665795870023e+00
1.923544796928760015e+00 -1.452342998726589895e+00
2.088664364442229804e+00 -1.105605241058490007e+00
2.658522412553430136e+00 -1.449170160615590008e+00
7.683455742895599627e-01 -1.419904623026829960e+00
2.677096688747409914e+00 -1.343072170024429912e+00
2.063677049428219945e+00 -1.094273351264769989e+00
1.424813218787309932e+00 -1.180615765315280008e+00
9.033930212259290160e-01 -1.496000640760249967e+00
6.950256362557409862e-01 -1.539910265487659968e+00
1.314684698358179915e+00 -1.346342935908870109e+00
1.258685641363260110e+00 -1.444975783502409961e+00
8.829158406704660234e-01 -1.636032343072689965e+00
1.616109789535399965e+00 -1.415359985375590046e+00
2.583468797430399810e+00 -8.948258039403369501e-01
9.382441274821760047e-01 -1.473025316026850051e+00
1.217268580198290095e+00 -1.469492892011140084e+00
6.120433419942860054e-01 -1.553636245421450068e+00
1.869673467054959959e+00 -1.695434911617250018e+00
2.361515376716849968e+00 -1.351079935968960033e+00
3.265887971967459946e-01 -1.504799844942789955e+00
2.212258723005649852e+00 -1.627943245017269946e+00
1.084977980330589897e+00 -1.671729326705309937e+00
1.256653771921989904e+00 -1.576543738635570069e+00
8.562901049852370550e-01 -1.448849286187150032e+00
6.951141670346260293e-01 -1.392942982533249996e+00
1.068506016209719967e+00 -1.369234772253759891e+00
2.287926715984939907e+00 -1.756277987366249960e+00
1.053085839003319979e+00 -1.365630278507560025e+00
1.489897247403860092e+00 -1.320609178693900043e+00
1.701336434483530002e+00 -1.548533419588189908e+00
1.147835491597650082e+00 -1.590906210784799990e+00
4.116066846996550010e-01 -1.495157647670509959e+00
2.365279912948610175e+00 -9.013202267057549566e-01
1.436518832668659984e+00 -1.195404555118090073e+00
2.300764825567600091e+00 -1.872923069424770048e+00
1.255826434493060084e+00 -1.458208399621389928e+00
9.099379856139420131e-01 -1.556765557982549897e+00
1.541086618602280023e+00 -1.703907875076740019e+00
8.834956906735900173e-01 -1.614937314108590094e+00
2.090200961753729825e+00 -1.362343300423360049e+00
1.366902304440740012e+00 -1.546133099709640080e+00
9.459088940173390192e-01 -1.598374055370489932e+00
8.538238015025849670e-01 -1.539233405898650098e+00
6.044181458652020389e-01 -1.442481718145909975e+00
6.934337306767700548e-01 -1.574682125489629936e+00
9.896710060536859643e-01 -1.413686959587880043e+00
7.538132987916470462e-01 -1.631592657160519932e+00
2.535375469923020209e+00 -1.971921017998850001e+00
2.269033262506130022e+00 -9.378122803933850449e-01
8.747029691934590234e-01 -1.466551176345489926e+00
2.299556691572070211e+00 -1.225395430635970007e+00
1.304453973099590103e+00 -1.736565547961999911e+00
9.924694564193490276e-01 -1.580645086521019982e+00
9.180360775440929988e-01 -1.664959990840469972e+00
2.476546113565559981e+00 -1.929569817148049982e+00
3.757130742073059859e-01 -1.513067342295250084e+00
2.599223343282940135e+00 -1.818012161786370040e+00
6.028951428830620074e-01 -1.563708783052280005e+00
2.046625775098799949e+00 -1.526454501079480108e+00
8.605990067124370535e-01 -1.389630640682300022e+00
1.183988174423580064e+00 -1.502374733699950005e+00
8.996327418833970357e-01 -1.615804443998680062e+00
2.050939689204100080e+00 -1.305921399217069956e+00
1.222224587202070056e+00 -1.631729563433039987e+00
1.125134924054149943e+00 -1.573710326872300058e+00
7.393273506313560173e-01 -1.480802987459630016e+00
1.519890808314080077e+00 -1.285047651471300068e+00
1.091794170811769993e+00 -1.324887785114079897e+00
1.560954779013989935e+00 -1.604980551665529998e+00
1.245580384880299984e+00 -1.318085443657160072e+00
1.492959354445339892e+00 -1.718347500025749985e+00
1.550745413079859913e+00 -1.225409031567580076e+00
8.598609812557700405e-01 -1.446321040457370088e+00
8.592507619410749697e-01 -1.538090524638400014e+00
1.806307583302259934e+00 -1.457987443624509938e+00
2.162030345946550192e+00 -1.339847283916659970e+00
2.161735308542850120e+00 -1.413734051126519953e+00
1.397621256485580110e+00 -1.466943395324239896e+00
5.778361424803729607e-01 -1.472768665564389901e+00
2.664888899400830180e+00 -2.039342038230130161e+00
5.266577359288929783e-01 -1.531926468641600092e+00
2.324104377999899995e+00 -1.336909365999529919e+00
1.543758587166669916e+00 -1.173331706482690029e+00
1.869393713772300014e+00 -1.656876731665209990e+00
1.383298875018950103e+00 -1.661357117847380049e+00
7.048937268555159896e-01 -1.515297853807630046e+00
6.653088167309759715e-01 -1.559793230548170095e+00
1.716029754281040098e+00 -1.637322571127169946e+00
3.182081434875729808e-01 -1.499889532388060109e+00
1.367874876782299909e+00 -1.667372718102859919e+00
5.603898704051970547e-01 -1.501786669163750032e+00
1.014036901295189974e+00 -1.568153812560590055e+00
2.282468664273619829e+00 -2.019973794818420210e+00
1.336157657951120070e+00 -1.732678192411210016e+00
8.692923668771980195e-01 -1.429291815842000046e+00
1.862319377437229972e+00 -1.225895434257380012e+00
4.646116700023409929e-01 -1.474142016278819911e+00
1.993869835138319946e+00 -1.978377456588439998e+00
1.577094043046239902e+00 -1.589527014967990093e+00
2.273888368159529882e+00 -9.365441377454859495e-01
1.653708537295460079e+00 -1.168545507534840100e+00
6.240248747169969690e-01 -1.574033859171219962e+00
1.110499088466170070e+00 -1.326110218172720012e+00
1.035364935547109955e+00 -1.412036106970540050e+00
8.712680909782649641e-01 -1.485317047295400039e+00
1.419983346015210035e+00 -1.735167035074620001e+00
2.188821123540400038e+00 -1.775466557639830079e+00
9.369860161095859841e-01 -1.400633726593349948e+00
6.938609808683400271e-01 -1.576654352854129915e+00
2.193976048752670049e+00 -1.663134687221089925e+00
2.120574751496310029e+00 -1.682119990644389995e+00
1.191509078443049985e+00 -1.679842261035489948e+00
2.136228321120139828e+00 -9.998998031131649533e-01
1.570797746255989891e+00 -1.659570492557749910e+00
6.694586031138900495e-01 -1.547037120853270054e+00
8.583859339356419982e-01 -1.556900081409849923e+00
5.000169429928069675e-01 -1.475759824432359979e+00
9.024215888231990057e-01 -1.424750304633390030e+00
1.485050034150479981e+00 -1.281970571941970061e+00
7.299945473670960139e-01 -1.573275267205739958e+00
3.927232537418600122e-01 -1.509278668461599970e+00
1.301018806546929918e+00 -1.769501923755200101e+00
2.664697691425680137e+00 -1.101478504510640111e+00
1.006241541355850089e+00 -1.393782844589660064e+00
1.241534499451520057e+00 -1.506981560717550073e+00
2.198505291715259879e+00 -1.984853230738429897e+00
1.954812112078069930e+00 -1.488755284143260083e+00
2.325139235705139917e+00 -1.036673282572299959e+00
8.318606715649370376e-01 -1.475758966828609964e+00
8.035724725574250327e-01 -1.507232532788830071e+00
7.414432436227800238e-01 -1.529069145467760071e+00
2.519778865948319790e+00 -9.320599404330820459e-01
1.275673955306410035e+00 -1.462881833190549985e+00
6.963312529027460007e-01 -1.506007327774860016e+00
2.502317741140720031e+00 -1.304933787213619967e+00
1.695531341806050030e+00 -1.257431304567760089e+00
1.347534351423379961e+00 -1.314101262042359997e+00
1.592163900285959999e+00 -1.177384722496189973e+00
7.520558897405860144e-01 -1.443115275067629932e+00
1.175851086527109901e+00 -1.493602320495329927e+00
5.688732158392669769e-01 -1.435998716083539906e+00
9.289946146309380204e-01 -1.387961431232110021e+00
3.702696952968840272e-01 -1.517167424043819990e+00
3.853844393044710270e-01 -1.477452700655540019e+00
1.464487116783860010e+00 -1.286031052980260103e+00
1.523986241966490018e+00 -1.519345619820420046e+00
2.133057818189259880e+00 -1.223774385394760023e+00
1.765525262430309938e+00 -1.103173446783410006e+00
1.113564183935519925e+00 -1.586797988967719952e+00
2.641683100908990056e+00 -1.343168523647759960e+00
1.616380212083460055e+00 -1.499264542123400101e+00
6.601016029715539579e-01 -1.443496100946370042e+00
2.312055767700079922e+00 -1.791092416706939972e+00
2.547626518830659936e+00 -9.049860696062369536e-01
3.613408472388979775e-01 -1.497613533976130062e+00
1.005747392401100004e+00 -1.588848372692339916e+00
3.924336567521100050e-01 -1.510803882528779951e+00
1.319191188365220091e+00 -1.615599000955640019e+00
1.146133865788580009e+00 -1.548253125297919919e+00
4.372600078582760119e-01 -1.523026974042910098e+00
8.155634511262179753e-01 -1.516120752337579924e+00
1.799993790686130080e+00 -1.651629946969839891e+00
2.419824464991689794e+00 -9.224539809691949532e-01
9.636560775339599871e-01 -1.488767570002129892e+00
1.739064605534079933e+00 -1.370902783078050025e+00
1.264616465941069912e+00 -1.714880225764100041e+00
1.633087709918620067e+00 -1.498283304673160066e+00
1.673452854529019929e+00 -1.767089601853589986e+00
7.535075481981039491e-01 -1.397805915917339936e+00
1.960292280837889978e+00 -1.112995401264230022e+00
2.360853064432740123e+00 -9.036560756508450476e-01
6.991313885897399993e-01 -1.599658003697260078e+00
1.128103368356820013e+00 -1.679425476878199985e+00
7.832594431936740209e-01 -1.579560749358080107e+00
2.311301320418719829e+00 -9.261214193757989488e-01
2.663867564499379892e+00 -8.368317050363900389e-01
2.695923328399659979e+00 -1.569841665811789966e+00
2.589756676554679782e+00 -8.471441333723580547e-01
7.603851869702340505e-01 -1.627314803147760003e+00
6.858864303678270380e-01 -1.539240963615049917e+00
2.654631857201460221e+00 -1.795716794642759906e+00
1.576037081703540066e+00 -1.131467035918440001e+00
1.655288935080170054e+00 -1.113355549666150024e+00
2.281987741962069993e+00 -1.268110076383420104e+00
2.286391232907770021e+00 -1.461530044399699912e+00
2.688325415924190054e+00 -1.867035384253749930e+00
1.970369593799109920e+00 -1.541017573141469921e+00
1.850150368362670106e+00 -1.431307720626959989e+00
2.194588917866350020e+00 -1.331401760480360075e+00
8.761475801467899505e-01 -1.426197794469090008e+00
1.938497012481090076e+00 -1.737868151283709972e+00
2.501877239719029866e+00 -1.416997380586269895e+00
1.346696666255589925e+00 -1.230245871983459915e+00
1.865698778629300003e+00 -1.539383322505859963e+00
2.458256790786979895e+00 -2.027747931687990057e+00
2.567385851964349985e+00 -1.752795547818680078e+00
1.310955100134020057e+00 -1.418523119085220108e+00
4.711546417325739866e-01 -1.491610643935129987e+00
1.563427795842289969e+00 -1.363873675029259935e+00
1.690260508283969898e+00 -1.184281011354560098e+00
2.135253553837539897e+00 -1.909952648191350022e+00
1.139798578619960034e+00 -1.732053681104499976e+00
1.015983668714760091e+00 -1.296387545541979991e+00
1.494314738363029971e+00 -1.366291385086640053e+00
1.560563584417099969e+00 -1.407924287525140095e+00
1.654365921020509944e+00 -1.490504137309029975e+00
2.455532575026150077e+00 -2.127257104630249973e+00
6.416581660509109719e-01 -1.478748905553729953e+00
2.273055375739930106e+00 -1.923360710308789967e+00
3.124572079628710197e-01 -1.501967322228130008e+00
2.022795247659090023e+00 -1.405357860243680035e+00
1.085129994526510044e+00 -1.641357915003369916e+00
7.045175325125460075e-01 -1.426562663142310061e+00
2.274556250497699939e+00 -1.318875155820069978e+00
2.683572598546740018e+00 -8.417273081765189735e-01
1.497598244994879924e+00 -1.370146517788900065e+00
2.114420807361600207e+00 -1.785533802806889891e+00
