1.095766450533590008e+00 -1.220178331421200024e-01
2.453668285638530122e+00 7.206671462061740030e-01
1.393546545347710053e+00 -2.755161302816849789e-01
1.412005181184720071e+00 -3.693303615595140005e-02
2.713084292400159914e+00 -4.840175439785449757e-02
1.841789400421740108e+00 2.953723297733790165e-01
1.365319253140619971e+00 -2.802672746847350085e-02
2.008154827665419973e+00 1.255116739106420035e-02
1.307376442781339909e+00 1.200952391973769962e-01
9.191567500032310489e-01 -4.397232817270210203e-01
2.113039634006430134e+00 -1.283230501478860031e-01
1.346107146940280108e+00 -3.753160967936720049e-01
8.489622172765020069e-01 -4.786639294344299800e-01
1.337670950188460051e+00 -2.043972554684589937e-01
1.792101305216859952e+00 1.426456192388139976e-01
1.881046129345349982e+00 3.993240220046139766e-01
1.736276991028049999e+00 1.083046573558459937e-02
2.560657399329079986e+00 7.198974791128989748e-02
7.508720271869819829e-01 -3.777120285208199757e-01
2.180588689749019871e+00 5.899159629390720028e-01
4.746094966693509831e-01 -5.947761064418140009e-01
1.950301528238880033e+00 -6.547117896995570396e-02
1.525900212818150026e+00 1.896675494259169870e-01
5.549649420098029529e-01 -5.651723220377089518e-01
1.377629330805560048e+00 -3.719406873828149940e-01
1.541952688521569970e+00 -1.078381690048920011e-01
7.391238020320759494e-01 -5.148984572368100476e-01
1.896726769778180000e+00 -1.323393469706619918e-01
1.689006318648480054e+00 -2.318060341126610135e-01
1.110703913013920019e+00 -2.510627798653389808e-01
7.220943025093550238e-01 -3.749629206132790160e-01
7.997245067322199530e-01 -3.412354825527039726e-01
7.353523432879629507e-01 -3.330663247863869803e-01
2.012149622222089818e+00 5.135369163018560501e-01
1.310714853153589932e+00 1.948740536677520119e-01
2.717209117264789864e+00 -5.411962177054720213e-02
6.293444791053089959e-01 -5.352041908119009594e-01
2.139435702894440183e+00 5.221025469566640265e-01
1.790025022136739974e+00 5.684530616072539511e-01
6.367991664297499854e-01 -4.211051722259239738e-01
8.541398706261430496e-01 -1.995135309347539909e-01
4.892985242682310054e-01 -5.804050994071630054e-01
2.398379221721900212e+00 -8.820675288584720053e-02
1.941612598386639910e+00 5.514783711370759844e-01
1.331354212084139954e+00 2.765238158126669954e-01
1.250361065142109984e+00 -2.696665878029669838e-01
1.256535462134459991e+00 -2.152192940189210091e-01
6.771460155239730216e-01 -4.227842070166750177e-01
2.008671626970520041e+00 3.070343323474150066e-01
5.396512177077279482e-01 -5.373536696472179797e-01
9.990141285508310487e-01 -4.584154585631470269e-01
9.077041869179740541e-01 -2.798085193709199947e-01
8.739678695709059975e-01 -2.910509607264260001e-01
1.769297161240390048e+00 -2.000851507509950056e-01
1.768825259235609959e+00 -1.798402630783419998e-01
2.216578648287570008e+00 1.149692615304259924e+00
2.441498074381330152e+00 -7.749793957606890271e-02
7.314115471651460032e-01 -5.292639570745200084e-01
1.959134289913970095e+00 8.193388894719679794e-01
2.164899073074140201e+00 6.722281986989639968e-01
1.551576797846530020e+00 4.505585662380999779e-01
2.201915966353769960e+00 -1.617560491941190115e-01
2.513479252226030081e+00 -9.793985593791630639e-02
1.554374757516689964e+00 1.343284539456729987e-01
1.348653057233619945e+00 2.559750212000819758e-01
1.741039345367749958e+00 -2.514005903075179904e-01
4.768860016032590021e-01 -5.932761312314750457e-01
2.110037080940220022e+00 -1.788277474788919907e-01
8.709228783929050532e-01 -4.967377154277859974e-01
2.340038238826049888e+00 6.943231320042139720e-02
2.112929516519860051e+00 6.991375627928789749e-01
1.431661486304820041e+00 1.489879908822940024e-01
4.893094096425320005e-01 -5.864977335182069984e-01
6.595787480815099579e-01 -4.740955734028760027e-01
7.133909278274279675e-01 -4.427852053588510195e-01
1.745275642767359914e+00 1.466468205196820064e-02
1.389914078118889895e+00 -2.080758421172249906e-01
2.125553680010039859e+00 6.798369767382690387e-01
8.326914223098610401e-01 -4.404361696953030259e-01
1.628843369388450091e+00 9.413905202929670479e-02
8.187263653577040445e-01 -4.671081033928660142e-01
1.391782188960609901e+00 -2.390283970929799884e-01
9.257171928948350059e-01 -4.268007874836289850e-01
1.077835536797560056e+00 -6.150913381032240002e-02
1.030296248166669981e+00 -2.988605457727079862e-01
1.734629206935420109e+00 2.373694560694820099e-01
2.491337363945750116e+00 1.138163262301900014e-01
9.678872821603949905e-01 -3.304200947460549931e-01
2.146605489124429944e+00 2.600183972146730138e-01
9.037785228669289461e-01 -2.238468344763769879e-01
1.290625360505609942e+00 -2.654434802844530261e-01
8.689318870900849534e-01 -3.149017466771379947e-01
2.152690642956339939e+00 2.751533367931570037e-02
8.377470813108019998e-01 -5.012448479390779754e-01
2.175491754174069925e+00 5.714195957563589917e-02
7.566774264035820430e-01 -4.709913933860579993e-01
2.171515198182469852e+00 3.216975901598699839e-01
8.872138259704529517e-01 -4.638054929909620205e-01
9.126419415859059470e-01 -4.498666476990200169e-01
2.209274214432699779e+00 4.216730463509649751e-01
1.012051060650779988e+00 -5.291971859655229815e-02
1.383356132760199975e+00 2.072673648218719966e-01
2.318779930476610129e+00 4.067727167938909871e-01
7.412934171194780486e-01 -4.179923653737440126e-01
2.038267885846860139e+00 8.613381485915699853e-01
8.318994194986419899e-01 -3.144251987772699874e-01
2.391089259526829824e+00 6.811154618679249317e-02
2.570420318235369983e+00 3.835755212249449819e-01
2.514899685716479816e+00 1.752594099861989885e-01
2.737644218002559970e+00 1.552824563594429885e-01
2.120513619166480179e+00 7.454124642673499723e-01
1.317781192270089941e+00 2.777609098449499991e-01
1.507185920027410031e+00 -2.421580347956019952e-01
8.647045825317809520e-01 -2.506963657405690271e-01
8.780278102825890274e-01 -1.634853881084850080e-01
1.404929677865250026e+00 1.661700248448030048e-01
1.523028734481659985e+00 2.352092438828169985e-01
1.038917098533199912e+00 -1.912105689928950136e-01
2.112240396616380078e+00 3.378396920387040092e-01
1.899204663709580077e+00 4.629868269613119924e-01
8.444216337716310417e-01 -4.379085298385870240e-01
1.269850306065859913e+00 1.314153765784570049e-01
2.043602385188119985e+00 2.850783289965430067e-01
1.804138706622550048e+00 -9.704163999051849954e-02
2.754450893203760131e+00 1.413052149733720064e-01
1.759729673515340043e+00 4.812569389629219874e-01
2.059302704454299970e+00 8.848804432387129548e-01
1.198292918127060069e+00 -2.113378052826930115e-02
2.607514147914280045e+00 1.444936034287440108e-01
2.316070816762270113e+00 -9.186465945216740203e-02
1.618669749291290039e+00 -1.864935209878859912e-01
2.601595234781819865e+00 2.124497426449999948e-01
1.502633939657280093e+00 9.434736721798779591e-03
1.651314443452039926e+00 2.434856378711959882e-02
1.337735930061020095e+00 1.300512476205840096e-01
6.748952495959380515e-01 -4.120146606059599814e-01
4.790124091475920221e-01 -5.848208734480530024e-01
2.138389589330529805e+00 6.000606810577090167e-02
2.329990946221689896e+00 5.147495550382680252e-01
2.283885865885490141e+00 1.935699608146460027e-01
8.246242035068840348e-01 -4.270160488285549838e-01
1.110678464105280039e+00 -4.319174302223299788e-01
1.418936765084269913e+00 -3.015169761902469769e-01
6.846321154146699506e-01 -3.885923992714019892e-01
2.287864572744469971e+00 -1.346952222193960047e-01
1.119632192207060006e+00 -3.011158855867600015e-01
1.214065258986450013e+00 -2.859108915701379927e-01
9.988430292630730012e-01 -2.603389028920859993e-01
7.828488154884459815e-01 -4.271769536810610113e-01
2.160931712738709987e+00 1.523558560154510133e-01
8.775314181567379634e-01 -1.594814057778040084e-01
1.459523002596180064e+00 -1.995615495568349995e-01
2.169290982701840065e+00 1.875780576244590048e-01
2.154911870788529971e+00 3.337956338574039894e-02
1.392262164018549964e+00 -1.455729777570740069e-01
1.279808675408500074e+00 -2.529830728679530183e-01
7.513910811183169836e-01 -4.123498657936319756e-01
2.647728547901550211e+00 2.347885647825549982e-01
2.125607615739649958e+00 1.115347537629030050e+00
1.844053257497209941e+00 -5.507083663596210044e-02
1.978512663754079970e+00 7.260653099931290155e-01
1.648838592139949988e+00 -2.821985820052689831e-01
5.595362717945570052e-01 -5.673955875591170095e-01
5.507453123490100300e-01 -5.431981437950710312e-01
1.302627595523929926e+00 -1.252405661029500072e-02
8.321828885709849910e-01 -3.689412202131659990e-01
2.600870240707370051e+00 3.108269215999580060e-01
8.769346494359470112e-01 -4.651342113787059751e-01
2.118257500135459992e+00 1.004399857077709957e+00
1.751524023556229936e+00 4.160608535689990228e-01
1.620395707856540080e+00 4.921452346013199808e-01
1.663248276547589999e+00 3.841880105879090235e-01
7.669164761471589653e-01 -3.809564118700249913e-01
2.157096194191579830e+00 4.412306291119850177e-01
2.016480809784999995e+00 -1.501406880936810018e-01
1.975343805173870093e+00 9.752100229369380369e-01
1.579733857929360052e+00 -2.067348139477369895e-01
8.348444732270490221e-01 -4.224419376486520106e-01
2.215097366056340000e+00 -2.061893025162889886e-02
1.468832052019870105e+00 -2.925522648604649834e-01
1.369828338227770059e+00 1.038647370711229950e-01
1.940974636652089913e+00 -5.816688663465049980e-02
1.096629655518480018e+00 -8.122594529921779716e-02
1.039798870554029975e+00 -2.601786405017449955e-01
2.386542537887549997e+00 5.476018069620099959e-01
1.231910085586479964e+00 2.091622886227859912e-01
9.610908919768780256e-01 -3.457887518506400082e-01
1.573625699587759996e+00 4.092122604694269916e-01
1.844123473605089991e+00 8.135051558536590122e-01
1.913062793886729951e+00 6.429333037032900489e-01
1.841776856749020030e+00 1.429410704764120035e-02
1.749540964549409994e+00 4.417270889362099641e-03
2.454822532801570034e+00 -2.545361955638709983e-02
1.266244281787999970e+00 6.852639301987449583e-02
1.687914395100329923e+00 -1.107293125748179917e-02
1.353968958758960062e+00 -3.783688489610719796e-01
7.544127878556270428e-01 -4.793598080964320274e-01
1.741807188845369891e+00 -9.322082835589320590e-03
1.796995492664789973e+00 1.875251620411259867e-02
1.209514595591999919e+00 -8.343910783990439450e-02
9.408963168888589967e-01 -4.662713724185270081e-01
1.671615552290889983e+00 2.239995321985109866e-01
7.971360888276149970e-01 -2.875825173218199970e-01
2.134261504166020007e+00 6.167618116435580333e-01
1.696568365264919942e+00 5.563733177076880115e-02
1.692185061223600018e+00 4.540287492344670106e-01
1.220278940341920082e+00 1.073287058766359964e-01
1.121080942112189893e+00 -4.356599693871149870e-01
1.775583045673629901e+00 -2.156553544318140156e-02
2.367215900142849883e+00 7.033406573386310479e-01
1.489530444817050103e+00 -3.489945020117090069e-01
1.438923556117639890e+00 -2.386864432845539966e-02
2.868077002245060125e+00 -1.469793185062379971e-02
2.399632855848070179e+00 7.151627922927229486e-01
2.379965730167540094e+00 -6.973091467599730475e-02
2.017616699670369940e+00 -1.343966390065310101e-01
6.959722591740880038e-01 -4.117015722919259990e-01
4.663327565375430250e-01 -5.942189983258799879e-01
2.121436340324729830e+00 3.339048824937809745e-01
1.709657538329089954e+00 4.069011224946760263e-01
1.689197224812559961e+00 -2.172803682222209931e-01
7.211684249370760025e-01 -4.165312339989740154e-01
1.878745325510930098e+00 4.944351204737060246e-01
2.368902499690300090e+00 4.256265522638489895e-01
1.705173871750520043e+00 3.069742529466579772e-01
9.028497848844729834e-01 -2.976856669246999987e-01
9.383551812189010466e-01 -2.817922552393090085e-01
1.921405333075939970e+00 -3.968653669992099758e-02
1.387856954704459911e+00 2.088956604404209882e-01
2.258523535219509881e+00 -3.872426366041750029e-02
1.801933512465700105e+00 6.418005222250909858e-01
5.297221629627849593e-01 -5.610714800017809756e-01
2.417213566060520069e+00 6.692802790504750465e-01
2.377942704949250086e+00 3.656886440229549784e-01
1.199397468553990098e+00 -3.773641682498090066e-01
2.484181118922959897e+00 2.359058613982270014e-01
2.502901696769700202e+00 6.316596076984599684e-01
2.442909241383340202e+00 7.058864434611320515e-01
2.471179808245839826e+00 8.246684809589270582e-02
2.289435770746079957e+00 7.232631797225970161e-01
1.395885854691230055e+00 -1.629955718024080069e-01
1.294831774631479915e+00 -8.901212848619580176e-02
2.687524173764149982e+00 4.072833571240289802e-02
2.143386993564599940e+00 5.677532993299889974e-02
8.634742104987359612e-01 -3.706082451655989818e-01
2.113178230396179913e+00 2.288071457992270075e-01
1.513889963970000085e+00 1.736260228686999918e-01
1.823820032895099974e+00 -1.965667349598599900e-01
6.125940104903500050e-01 -4.860673314043830184e-01
9.192663639851780255e-01 -2.546992983104069963e-01
2.723075299271069838e+00 1.265343476091969899e-01
1.131149383204999914e+00 -9.476806240111669555e-02
2.022683665223679927e+00 -1.426045484930870133e-01
1.482393177167200093e+00 1.624967875789889993e-01
4.791655561501810268e-01 -5.848022533929250200e-01
1.711370652044180041e+00 5.921819015116800422e-01
1.984538951991980049e+00 4.411133949708589963e-01
2.139905802770610155e+00 1.795701749223289900e-02
1.277602712337339907e+00 -1.874416627075080055e-01
2.267697413980199972e+00 7.860608265330779609e-01
2.057854032594470084e+00 8.782496886490660515e-01
2.247076358379060057e+00 8.934821733537730015e-01
1.178693863157959987e+00 -2.628945290464920204e-01
4.804103878073999745e-01 -5.948806175368810401e-01
1.969215633546590016e+00 -1.616640318721770109e-01
2.166040373484630077e+00 4.460159793554320240e-01
8.935840302501729671e-01 -2.013143615259160024e-01
1.254349384715260030e+00 -2.482905588063339941e-01
8.396032094762320153e-01 -2.003153040963920051e-01
7.769645815853839510e-01 -4.023883918083610012e-01
2.170418635168239962e+00 3.370512249296079860e-03
2.624514470067679905e+00 3.267084709444599833e-01
2.076946947515290187e+00 5.303879045705940376e-01
9.452342092288209541e-01 -8.739621003212469375e-02
2.320059807406209984e+00 8.924377909234539885e-01
1.925809855043830066e+00 5.208699284691330478e-01
2.634905912995300081e+00 3.076617196646860147e-02
6.626497078800730467e-01 -5.501135670249810428e-01
5.759179804861810359e-01 -5.460178037957800212e-01
2.236485504473860075e+00 7.667242433264219725e-01
1.168408991097140026e+00 -7.248516367750100498e-02
1.887312837792870068e+00 -2.505868686881579932e-01
1.722563804114739971e+00 4.456707241121489749e-01
4.995097645754250082e-01 -5.767006525456429555e-01
2.226003728125069969e+00 8.277300839958050549e-01
6.624646861564139622e-01 -4.284762174269979851e-01
1.990302255385099972e+00 1.637494946245059979e-01
8.582728827629469981e-01 -3.941761592300699890e-01
8.047440022495030432e-01 -3.447954023205260232e-01
7.949260332887040370e-01 -5.056056382441850294e-01
7.360513073772030346e-01 -4.546506873546929950e-01
9.634848681751739807e-01 -4.471225705565750053e-01
1.810366963514469907e+00 -7.155143869519320354e-02
2.332354146422630059e+00 -4.466045285350909999e-02
1.198966873582159920e+00 -3.706165994766599803e-01
8.588275298932780411e-01 -3.222475066169799840e-01
4.955357631389250006e-01 -5.677180183683909753e-01
1.767524658219759903e+00 -3.331410075238629837e-02
1.230402472816040094e+00 1.094977753201550053e-01
2.248050207422149782e+00 -4.286058519203449907e-02
2.022722823497220102e+00 2.546947607337249897e-01
1.549616043062900017e+00 4.242469079486559935e-01
1.967329544952459930e+00 7.362996599232070061e-01
1.464316027416320054e+00 8.868930533555050011e-02
1.285438590447989915e+00 1.954970811912950038e-02
1.487524509096229908e+00 -1.838007968509479950e-01
1.163795693597510006e+00 -3.599493568436660240e-01
2.214843227712279816e+00 2.126368576455650028e-01
1.912425233860779894e+00 -1.461127447110660005e-01
5.633287737419480079e-01 -4.969117097836400210e-01
2.278696847898160183e+00 -1.613764135206030015e-01
1.485656072022260021e+00 2.348332266306059901e-01
2.051638641765869853e+00 5.156767470653900176e-01
2.115215699398679927e+00 7.325963940969579813e-01
5.552021858786859720e-01 -5.452236150970569684e-01
1.906771093869199962e+00 2.994941795688299893e-02
2.205247209290670085e+00 8.279848624776630084e-01
4.947385684524640004e-01 -5.859291600791699528e-01
5.988069347220770222e-01 -4.893033876133769944e-01
1.759513547698100089e+00 5.941799680786550297e-01
2.534869640273869962e+00 1.269503175453610133e-01
1.017391282810510056e+00 -4.445426797023410148e-01
1.995805558133340041e+00 -1.917373013478969879e-01
6.576099402947559458e-01 -4.944242657697869858e-01
1.966683226361120029e+00 4.303438178401450265e-01
2.574596812308699967e+00 3.971922231630560240e-01
1.472421050007709953e+00 4.514507259330600153e-01
1.251053479075860064e+00 -1.765737892387490016e-01
1.298851470480600012e+00 -2.254105627060569994e-01
9.679293544990640319e-01 -2.144643771535240107e-01
2.253423738919309915e+00 5.140034623884900400e-01
7.030343567459850229e-01 -3.633384530525480272e-01
7.693683310260579500e-01 -4.998745198403680146e-01
7.285995102371910503e-01 -3.908231657974680084e-01
1.195651709398549922e+00 9.486823242877509554e-02
8.741920320222009710e-01 -2.391385018584570032e-01
1.812497161823029890e+00 -4.895958466016289701e-02
2.142875782607859936e+00 -1.383089793517759958e-01
2.220922411813869957e+00 6.914262347943550546e-01
2.581954603975380014e+00 2.344791368352779903e-01
1.620077753275029897e+00 -1.549349436198770025e-01
2.139777148793700068e+00 9.525500192071799654e-01
1.646400451942040100e+00 -1.511214486411669999e-01
1.817197633659970002e+00 8.321621091780809776e-01
1.419872607820060084e+00 3.319665743449489725e-01
5.214086569282699868e-01 -5.764427925490820392e-01
2.358179287626709808e+00 2.865918241243829885e-03
1.193668456035470005e+00 -1.340496514552729987e-02
1.333919593278519944e+00 -3.521932514555239924e-01
1.708633620316329926e+00 -1.863917143756909922e-01
2.263514147091099993e+00 5.799312770004250162e-01
1.100691382506749916e+00 -3.205801846393859789e-01
1.974969163559860075e+00 3.125794068515490021e-01
2.342599774164519921e+00 3.783592504776969734e-01
1.858721634994580096e+00 2.671777730615260138e-01
2.265156343081160095e+00 -1.601988198372490124e-01
1.110198194952100037e+00 -1.296018623082509924e-01
1.610872639661399930e+00 -4.229697535874930078e-04
8.127324192654580282e-01 -2.340297238121309964e-01
6.621526261258100510e-01 -4.931555274899879771e-01
8.424327961182199731e-01 -4.636219929038479792e-01
1.287961217413319925e+00 -3.616947733328459980e-01
1.064650872342119969e+00 2.362926322095339898e-02
1.202432032158680109e+00 -4.117732855561540006e-01
1.350016771324570097e+00 -3.549458440583569963e-01
1.752438560948089918e+00 4.910496107323999992e-02
5.078940715691290242e-01 -5.551311236780259728e-01
1.495904004521660058e+00 -1.688936050919949972e-01
1.701288540050869935e+00 2.088656530401580003e-01
1.479956371052900010e+00 -2.769720902154970132e-01
1.548076734726099968e+00 -1.730194924835649906e-01
2.818853338635070038e+00 5.972466917429349736e-02
2.584005085742589802e+00 4.940088818388619907e-01
2.342192564197799864e+00 4.850409896575569868e-01
6.792972093903399955e-01 -5.409526146098549981e-01
6.502521353198249532e-01 -5.454711185300089582e-01
2.575491291467849830e+00 3.136614218657239883e-01
2.324337635032120097e+00 5.208303960900140250e-01
1.475416176918080025e+00 -3.356781470595819883e-01
1.622679598806650025e+00 -4.973651598089429832e-02
2.169662491648399971e+00 1.080156134187800099e+00
8.946562381764050498e-01 -4.464076535270399826e-01
1.888076011944320065e+00 -1.850473120522539913e-02
1.580267604340700016e+00 3.794212629128280168e-01
2.099424475083219832e+00 1.429421275989619933e-01
1.321484964829870101e+00 -1.080596712145940053e-01
1.109976318397690065e+00 -2.600889096321150062e-01
2.149926568750519795e+00 9.206843751361349915e-01
1.022157958535969913e+00 -3.536278444606429927e-01
1.490142366114320049e+00 -1.309100131742139961e-01
1.800131049908890057e+00 8.205977601724310233e-01
2.059986618359550103e+00 9.496788727480830472e-01
2.169485388612379939e+00 5.285993849107699649e-01
1.740169972729719960e+00 -1.173315891852509951e-01
6.805120204225909575e-01 -3.845883239395360143e-01
1.062922642794799977e+00 -1.999598001670400138e-01
2.384763012377260072e+00 4.609913711166799821e-01
1.010066942538879964e+00 -4.089778476896280268e-01
1.506602980248600065e+00 4.910627803643620171e-01
1.099287928838539985e+00 -3.678734408208669815e-01
