-1.909158508821700018e+00 -6.566603188583440553e-02
-4.727302060267590256e-01 -3.410224467556730032e-01
-2.399419328641680060e+00 4.973561866085419725e-01
-1.862748407833269892e+00 -4.985031155736990155e-02
-1.776727866775049902e+00 1.312324240648429959e-02
-1.379698582952310071e+00 -5.977303641352810226e-01
-2.146287076186470077e+00 4.213381730803080205e-01
-1.979594985250209938e+00 3.216644265667419900e-01
-1.487602901226309893e+00 2.598420717389309798e-01
-1.985951122572640060e+00 2.030628401170239961e-01
-5.712081168791860453e-01 -5.046962242830099754e-01
-1.460804684200359915e+00 -3.258574955687689734e-01
-1.516821982114499923e+00 1.398685747913839920e-02
-1.347988503831200058e+00 2.820121173413159821e-01
-1.477410191843580023e+00 -1.630269291975519896e-01
-2.516702033722030052e+00 5.866195910957779924e-01
-2.425005276952930000e+00 5.688140385052039560e-01
-2.179696810537449903e+00 5.001941123963860036e-01
-2.246470988899309962e+00 4.346357221149749761e-01
-1.291935598810449948e+00 2.494450144616719989e-01
-1.548092963388060017e+00 -3.656314452112149893e-01
-9.890927841680460242e-01 -4.659105182173419735e-01
-1.740137186795029933e+00 7.560704769950429838e-02
-6.743212977622570214e-01 -7.874737991847320373e-01
-1.975253638365729980e+00 4.367651946868350010e-01
-1.051646605701360038e+00 -1.987518558390110046e-01
-1.610270177044270001e+00 -6.528460333015459471e-02
-1.325388053848999936e+00 -2.578571207354939943e-01
-1.226223772248739907e+00 -1.287054374729199868e-01
-6.309701700365389909e-01 -2.401215682222160031e-01
-1.604244491423429952e+00 -8.768513139932550271e-02
-7.931730051885830246e-01 -5.032864090933679702e-01
-1.490245677200140006e+00 1.068171291275230028e-01
-2.024042945092189960e+00 4.587794992204329847e-01
-2.523522805072139774e-01 -1.615703680000150078e-01
-7.328885574853329921e-01 -9.836932873054430315e-01
-1.263281847500129951e+00 2.459523341740320057e-01
-1.257711639885150001e+00 1.505346686811810109e-01
-1.151239410824250076e+00 2.292411936530160121e-01
-1.657190836938750023e+00 -1.519386145888320105e-01
-1.834104224025600027e+00 1.650185741593049871e-01
-4.661703564356909912e-01 -1.286452298810659978e-01
-2.264316733412779836e+00 5.301148781195379467e-01
-1.072217365615449891e+00 -1.332947836556659937e-01
-2.303194870642959913e+00 5.142331373670779859e-01
-2.449168135965659854e+00 5.376939259716270181e-01
-2.428233570112550144e+00 5.723500535197689754e-01
-1.174387735528950039e+00 -5.346256656870199686e-01
-1.574440376009250020e+00 -1.237360499323759966e-01
-2.942371134039349911e-01 -3.964882807905450307e-02
-9.587107896644779803e-01 -3.861772773567549999e-01
-1.145728503494219952e+00 -4.450276626305429972e-01
-5.583727635489139640e-01 -5.204473368321409499e-01
-6.813220908119580477e-01 -2.236612994193589998e-01
-1.176675116001379973e+00 -1.211473050331540041e-01
-1.954297355377510037e+00 2.215950565936510019e-01
-1.347856958971320074e+00 -4.263876880612220144e-01
-1.128965620681990023e+00 -3.168941185096230129e-02
-2.418119262439169859e+00 5.214869341707020212e-01
-1.097746801212069911e+00 -5.872226106763300119e-02
-1.331415306133560073e+00 2.667403358209349817e-01
-8.344401715787199691e-01 -4.453950541770300142e-01
-1.321762976517919963e+00 -4.488776498672730209e-01
-1.521823967331310090e+00 -8.631790148224760539e-02
-1.562295290647490065e+00 2.233168668226850062e-01
-2.040692958170439830e+00 8.120658001826160100e-02
-7.709197867599789644e-01 -1.243975211546130000e-01
-1.666008318330389981e+00 2.864587185242609829e-02
-8.520994510798769461e-01 -7.820736921228610417e-01
-1.604078001146759913e+00 1.937806157366740029e-02
-8.564134452795419961e-01 -3.906440818676409910e-01
-1.150334759731479917e+00 7.577998406233399376e-02
-1.667802198300180061e+00 -1.354778616197279961e-01
-1.441974205617619909e+00 -6.884296513100560122e-02
-2.299298480773900089e+00 3.683914794161999851e-01
-2.216895941197440045e+00 3.702453743248749762e-01
-7.436510897253200136e-01 1.161768074821080063e-02
-1.499687288703400068e+00 1.104557544397939961e-01
-1.563262201274510099e+00 2.122224698353540051e-01
-1.792245825895599998e+00 3.056913930005880076e-01
-1.239460254323009991e+00 -7.329603492188290215e-01
-2.465247891914049916e+00 5.444188172079039711e-01
-2.365857247232399985e+00 5.225420328486020116e-01
-2.428919919719899845e+00 5.207949353576509788e-01
-1.182176950231160095e+00 -8.955904254202419479e-02
-9.354953957402220022e-01 9.972278924834429570e-02
-1.776120039473660039e+00 2.708066419921629775e-01
-8.011281372218019836e-01 -1.011625595481419948e+00
-2.462484039834849980e+00 5.304018890308880296e-01
-4.061253486602560137e-01 -3.710275296444069948e-01
-1.100167404711829944e+00 2.987856612936929876e-02
-7.163097843986200308e-01 -3.383529694491289874e-02
-6.259505522373429720e-01 -1.477685238001570089e-01
-1.874504611847600088e+00 8.538390035597999417e-02
-2.272546188125859956e+00 4.169310526332479783e-01
-1.496476253437369897e+00 9.615606884098460306e-04
-7.768119425870100292e-01 -8.435919231312289934e-01
-6.809911389296759987e-01 -9.103874028781290262e-01
-1.430920689526580025e+00 -2.004544322852969962e-01
-1.466631347730219970e+00 3.392528761322409769e-01
-2.405864544437129826e+00 4.828083884397340042e-01
-1.229122198008800071e+00 -5.677228299872689732e-01
-7.993335467917489501e-01 -5.653510804757450048e-01
-1.682526481154440035e+00 2.752449114916010187e-01
-2.092174433948870149e+00 2.863907232295629934e-01
-1.906860977644990074e+00 1.957996397176980097e-01
-1.892047756629470001e+00 2.408476823718699866e-01
-1.023832710962820025e+00 -3.618823061545459741e-01
-2.385935998034309780e+00 4.952757042666849907e-01
-1.056113761688810104e+00 -7.372934829477409968e-01
-9.610066183576230214e-01 -8.207457237953990070e-01
-1.519816655024800012e+00 1.632513371455689977e-01
-9.929800081420250280e-01 -3.310172326894130213e-01
-9.366232058579979647e-01 -4.655717737620410079e-01
-1.662036335808229959e+00 1.694107736379290019e-01
-1.564881552498459949e-01 -3.782743605549279686e-02
-1.314656733461800009e+00 -1.036572221611170019e-01
-2.415943463833380100e+00 5.306519136451469665e-01
-1.667708344332710091e+00 2.038395474340539970e-01
-4.154782105235489964e-01 -4.637486891384119958e-01
-2.464996497202540215e+00 5.274967701268470366e-01
-1.587542776897610031e+00 2.058737359495209918e-01
-2.014025271913379989e+00 3.810905610395879939e-01
-2.080087710216610208e+00 1.908594028709020007e-01
-1.513991368021810002e+00 3.277758542872479808e-01
-1.968033453711059977e+00 3.613639540633800107e-01
-1.313589086572860110e+00 -2.088765632255399907e-01
-5.007813413658259716e-01 -9.606478156670460178e-02
-1.022098356185060064e+00 -8.891248386677610416e-01
-7.728554906859690377e-01 -2.725130855809619890e-01
-2.215677959077750003e+00 4.907356395944180161e-01
-2.370530480986369870e+00 5.563476691851879652e-01
-9.298061689491140536e-01 1.772397242682690055e-01
-1.963757077516840033e+00 3.427935718069000104e-01
-2.506123655419920215e+00 5.653773060712710130e-01
-2.726714207242100230e-01 1.596907359125110046e-02
-1.494139838797710063e+00 -2.967748562895389797e-01
-4.842582651793430060e-01 -1.422632044096009962e-01
-1.859148914977230005e+00 -6.645835780550619909e-02
-8.404417492883089480e-01 1.149818444915679944e-01
-1.433003061027050107e+00 -5.503986323510809964e-01
-2.445737526375289850e+00 5.618099859932430551e-01
-7.924831842768119694e-01 -3.553290010476500144e-02
-2.300355366496249943e+00 5.322526921086150331e-01
-1.093883686837590075e+00 -7.341641776962609667e-01
-2.510746035375699847e+00 5.922349291739660293e-01
-1.436441350172630083e+00 -4.584153871162139904e-01
-8.625660781412010092e-01 -6.211620643698080313e-01
-1.871713814363960005e+00 3.499647453868410252e-01
-1.185920849264660015e+00 1.609156556155030005e-01
-2.591398439723969771e-01 -1.827729579522930151e-02
-1.937396095808030072e+00 6.188047266435660332e-02
-2.412956967834610111e+00 4.836730246312910264e-01
-2.259606042767679845e+00 4.281816294690919955e-01
-2.392156153879759994e+00 4.463350908073269729e-01
-1.131693466635870005e+00 -8.413230155148909706e-01
-1.375023351986019993e+00 -3.706349924255810113e-01
-1.671552912613079922e+00 -2.347601508964350103e-01
-1.914337012501019952e+00 1.911381329104260007e-01
-2.145254559628949842e+00 4.308274131319519973e-01
-1.534408469846830103e+00 -4.717864413836849987e-04
-6.912095792713679465e-01 -8.926739697535830409e-01
-7.921669186409250329e-01 -3.028111511064309758e-01
-1.228782312848510028e+00 -7.493071860618150115e-01
-1.495071911581240087e+00 2.303544783553899966e-01
-4.163972292086899896e-01 7.204016285723370550e-02
-1.471640845521019925e+00 -9.715378175973690689e-03
-4.519970951546439797e-01 2.952620087712379965e-02
-1.845264888290949923e+00 3.811840095345920276e-01
-2.264211970574249833e+00 3.566002243061500154e-01
-1.611695872120719963e+00 3.384795926304839941e-01
-9.858095781523089629e-01 4.543979036620900136e-02
-1.994140936747180071e+00 2.619578023556730084e-01
-1.655440128480460071e+00 -1.714625173215640064e-01
-6.950251438825479910e-01 -5.808258088071519692e-02
-1.961261879027420107e+00 4.130352599277030134e-01
-1.387876866414899935e+00 8.077359863766410408e-02
-1.907882251393699935e+00 2.845140779682269749e-01
-1.394374338269430025e+00 4.982531058871200041e-02
-8.910425826135099925e-01 -6.002284226319659632e-01
-1.735814336324819962e+00 -2.386594603075669896e-01
-1.057512060854089997e+00 -1.946316017275609989e-01
-7.649616372358629679e-01 1.337529977213419985e-01
-1.947095351832810017e+00 1.067520883619079985e-01
-5.399909802400060244e-01 -3.329974385652970104e-01
-1.070127699290029932e+00 -1.034087986878289983e-01
-2.214114948124859872e+00 2.977294969477449760e-01
-1.638448154126840084e+00 2.587722138126419824e-01
-9.370618186281840511e-01 -5.828305095541710390e-01
-2.444041560333260144e+00 5.479513767573059857e-01
-8.571740860703499498e-01 -2.105973829515920062e-02
-2.529663518489730034e+00 5.913962273561580441e-01
-1.193858374333190087e+00 -5.383579990609229649e-01
-1.586807113576039985e+00 -9.118603843598130365e-02
-9.324927528700930335e-01 -1.500469403781070077e-01
-1.523722253479619981e+00 1.488810739356839948e-02
-2.203499378415899823e+00 3.514750697667139989e-01
-1.158144579053929979e+00 4.769720167133750105e-02
-1.322450345831960083e+00 -6.270975428889540293e-01
-6.486685923490289607e-01 -5.260391952738270316e-01
-4.224491704016459792e-01 -2.010115615350229964e-02
-1.324999014804620012e+00 -5.638389208027619892e-01
-1.565074486973510037e+00 2.961525194072699985e-01
-1.958014621556690038e+00 1.221076439288839993e-01
-2.341552852573399957e+00 4.556418022064490092e-01
-2.062947952974460097e+00 3.829052156679330077e-01
-1.239000350237349890e+00 -4.609056227762470259e-01
-1.616462919731409986e+00 2.277514794262220157e-02
-9.303032347557129711e-01 -7.104714645670939799e-01
-2.071029251709759933e+00 1.303250233955489945e-01
-1.496299742906679997e+00 -3.413435299844769788e-01
-2.408619313106389992e+00 5.615061106890819609e-01
-8.810623893507689708e-01 -8.696326054072329725e-01
-1.149571367081660078e+00 -5.653239108280020409e-01
-1.802515434625169943e+00 3.918109022866280156e-01
-2.496125947149370194e+00 5.700286663745910420e-01
-6.955455702045509891e-01 -2.905493452849849945e-01
-1.464920268683409965e+00 -2.648205105067909931e-03
-2.047639055026360122e+00 3.049471521626500037e-01
-2.219545569187200140e+00 5.051521723194329905e-01
-1.622465673238580042e+00 2.830131230219760097e-01
-2.468448750735159791e+00 5.747151100595160322e-01
-1.059761264236799949e+00 -7.673093568019959676e-01
-1.945337470797900092e+00 9.409452572310740559e-02
-2.011052622064890105e+00 1.019612935013090027e-01
-1.074262545883170050e+00 8.586574081966520666e-02
-9.693507807974679480e-01 -5.116763607669639891e-01
-2.002538307130199868e+00 2.031850399235909932e-01
-9.525569103645139535e-01 -2.864359655352560208e-01
-2.447216384555639834e+00 5.700651844906919896e-01
-1.901409173799579966e+00 7.678179068462390178e-02
-9.875774807594970284e-01 -9.981072595153640536e-01
-2.033519173125390100e+00 1.992344387433500064e-01
-2.482430923013520196e+00 5.824623139085189916e-01
-2.340712044068820052e+00 5.061301323456699475e-01
-1.099233767226510006e+00 -5.938054804817189947e-01
-1.518713507065510004e+00 -4.269753507257770253e-01
-2.488210131324669838e+00 5.765152714001690049e-01
-2.220002856833520166e+00 4.707075275732199859e-01
-6.718883120287270083e-01 -4.366113087541870219e-01
-7.655951469996260528e-01 -8.552933241518709817e-01
-1.268380013867169920e+00 -7.435571660108160341e-02
-2.040242828556610100e+00 3.482814399323069798e-01
-9.611204174258910493e-01 -1.979027902226229985e-01
-2.377426670563440148e+00 4.857461281488429927e-01
-1.104925578366259931e+00 -7.564247230347339590e-01
-1.625703177867950044e+00 1.092676440049070025e-01
-1.921152870753159991e+00 3.668636437685229845e-01
-1.612435529711270021e+00 -1.575385698560589909e-01
-1.106554137014829964e+00 -1.258595249982829949e-02
-2.221751134637329983e+00 3.527174306676930104e-01
-2.317378189145200107e+00 3.996052158978580238e-01
-5.155597388144209647e-01 -1.116613354216669934e-01
-1.878757775267829944e+00 1.944879783177400068e-01
-2.308819193887969856e+00 4.896880553927540070e-01
-2.786170112166200252e-01 -1.636495626188589902e-01
-1.467389447863659990e+00 3.039699280461810038e-01
-1.917647109039890108e+00 -2.497603758956330050e-02
-2.504769363368100077e+00 5.894648684859780108e-01
-4.513849304388000139e-01 -1.395911064418529912e-01
-2.276175728943889975e+00 4.020975507640149882e-01
-1.757205834063489958e+00 3.965951131940099739e-01
-6.488683504727450480e-01 -5.075393678019519683e-01
-1.029908948420310111e+00 -7.290386970593589755e-01
-8.887493756587130367e-01 -5.982563404110690097e-01
-1.819889805410960015e+00 1.704968635180310055e-01
-1.396247370106300068e+00 7.313374610452989810e-02
-1.237988459987279910e+00 1.781156577573340116e-01
-2.162633948178600107e+00 3.282893322110799761e-01
-2.202989189085009958e+00 4.733181427646530048e-01
-1.621948800081080000e+00 2.241379510939359859e-02
-1.216135827448590057e+00 -1.934679574080629960e-01
-1.812707795548879952e+00 2.157551656815409891e-01
-1.515360604875789940e+00 -3.569278638963139794e-01
-1.766283072094539941e+00 3.429223850862890277e-01
-2.364222036205970046e+00 5.293549826683729975e-01
-8.442454860799050165e-01 -9.623602092527570040e-01
-2.501875224202390058e+00 5.720820975071420067e-01
-8.170218321073370316e-01 -3.692627793100130007e-01
-2.347521779932229880e+00 5.083315724803190161e-01
-1.398800205458939905e+00 -3.287151880776509882e-01
-8.380050232770980267e-01 -1.254906560420679940e-01
-1.976731310519540097e+00 1.463679677590100023e-02
-1.193041107951070101e+00 2.727785809970180164e-01
-6.088470102714540477e-01 -3.220798169942089978e-02
-2.007344911563460066e+00 4.040646102469769851e-01
-1.471933754492890101e+00 1.764885257893769877e-01
-2.184646987505499904e+00 5.130242997526139881e-01
-2.314289316101179939e+00 3.872598762898030178e-01
-1.559022650968840074e+00 2.649511862075030200e-01
-6.016000434864620106e-01 4.372761309587749889e-02
-2.156858824940509844e+00 4.795074382117329725e-01
-1.921182738320099892e+00 3.499733790322550053e-01
-1.280417136925900090e+00 -1.220699892819920049e-04
-1.173216280161410108e+00 2.605667938972909825e-01
-8.908885771437839995e-01 -4.349208615502729858e-01
-2.220179779305429868e+00 3.588591900569559900e-01
-2.070753418186220163e+00 4.224747135427979750e-01
-1.320218738922660062e+00 6.115714341743189869e-02
-2.001826506236020098e+00 7.625284909082599705e-02
-6.073839858552450011e-01 -7.107635068142620360e-02
-1.772919679200440024e+00 3.242995930772060165e-01
-4.509117646854520212e-01 1.684351408751130069e-02
-1.322010352219270102e+00 1.594066141458420072e-01
-1.017151650135919905e+00 -8.811302957629899568e-01
-1.358242558259370014e+00 -6.271095868120259986e-01
-8.384462460353809821e-01 -4.057894579048860195e-01
-1.100560695947389922e+00 -7.203125835230960172e-01
-2.321955263612020204e+00 4.042430430535460251e-01
-1.844843772326320019e+00 4.056014189787909840e-01
-9.881398311883670127e-01 -6.658501307637409994e-01
-1.423510484167709977e+00 -2.744214358512599983e-01
-1.647991317045639947e+00 5.212763434959789832e-02
-9.366511263565370227e-01 1.065725968982499938e-01
-2.262204922988409805e+00 3.306837139417529992e-01
-8.039164114648720272e-01 -9.444676039477130358e-02
-7.092861749505380287e-01 -2.766964650407590168e-02
-7.872813663295019637e-01 -1.037333855012170014e+00
-5.442846978388079515e-01 -6.411083751925940044e-01
-8.476527600156970044e-01 7.994021139389999309e-02
-1.786147713515009894e+00 -8.197728171884520465e-02
-9.517168814576070224e-01 -9.402942001806630090e-01
-2.086149133481050022e+00 2.734142161090860057e-01
-1.032147782987709927e+00 -7.052178437679550438e-01
-2.184734480388550004e+00 4.421337379165279913e-01
-2.060153060540760084e+00 1.120396729393989960e-01
-1.917331482104170037e+00 1.868117231610660067e-01
-2.190978101039109838e+00 4.923783726494139756e-01
-1.660044626150039893e+00 -4.039603542603679986e-02
-2.521971554290780126e+00 5.869701698218829922e-01
-1.158229755886410084e+00 -3.864394746397660230e-01
-1.237423953269420007e+00 1.653891831487890041e-01
-2.436187864203520181e+00 5.461233572934639513e-01
-1.109737309357949897e+00 -1.091769444357789942e-01
-1.243327865477980021e+00 -2.051445826493570046e-01
-1.818800069299050026e+00 -1.562021448056239992e-01
-8.443410626050209533e-01 2.228925216152879973e-02
-9.585185038928469847e-01 -6.985078979944949751e-01
-2.166397442483650071e+00 4.533101690261440164e-01
-1.915317513698070018e+00 1.962917069173669982e-01
-6.667959598474390015e-01 -4.886133380607080023e-01
-5.901650481288660544e-01 9.208048143967259569e-02
-6.957374890588879923e-01 -7.283295668703519965e-01
-1.233880196581879973e+00 -5.759612666906589462e-01
-8.851734937907409506e-01 -3.153799953935469969e-01
-1.170683652579000089e+00 -4.539066890156560202e-02
-2.365334898792549989e+00 5.470899686754020497e-01
-5.814419213957700006e-01 -4.773017063496740042e-01
-1.930940936547220099e+00 1.875195877267079869e-01
-1.743971458145129994e+00 2.719331389108580188e-01
-1.917118834148870077e+00 1.577788908385580058e-01
-1.844493548343179912e+00 3.765253952948400262e-01
-1.126629087146929997e+00 -7.420368127894819699e-01
-1.192376823794959906e+00 -1.960153122821949867e-01
-2.456427411782589942e+00 5.183512895158219891e-01
-6.889955409281719456e-01 -1.104581693123249941e-01
-2.248056169019390094e+00 3.497330984796029885e-01
-2.493301915301649796e+00 5.728854092657570396e-01
-8.689907334386239857e-01 -7.539281519684249977e-01
-1.778030002993840064e+00 -1.333027455210769874e-01
-1.531255848035790068e+00 2.513579104521450058e-01
-3.042546699848909797e-01 -3.279717748040830161e-01
-2.029215556272049970e+00 3.605134180543380085e-01
-1.122105618134489946e+00 -2.633596610518340042e-01
-7.432850811626829923e-01 -1.693435096895480052e-01
-2.462494563887870136e+00 5.198524142078929655e-01
-1.151604747620420088e+00 -5.006020104143099614e-01
-2.194026806334589796e+00 3.045144161691850093e-01
-2.357405127213060059e+00 5.226076068730389768e-01
-1.223274734790660068e+00 -1.678544962988280098e-01
-9.977494676585469957e-01 -2.941619734327000080e-01
-1.666162647635549998e+00 -3.222166784064199874e-01
-6.523259825588070271e-01 1.499665180643209965e-02
-1.217185619404389962e+00 -3.003575685813529850e-01
-9.531923546058720387e-01 -6.672985817817690402e-01
-2.293742017120150134e+00 4.424637077898769810e-01
-1.370441389044559921e+00 -3.547070901532090037e-01
-4.979708256949350043e-01 -4.986608699271509737e-01
-1.107306466179420079e+00 1.340052540624560029e-01
-7.487529657854710141e-01 -1.063135102950359956e+00
-4.748381698914789784e-01 -5.930947253128020513e-01
-2.263799731858790132e+00 4.414671138964489927e-01
-1.443696829346839960e+00 -3.336406012387679865e-01
-3.605142843269439901e-01 -2.849071768967559870e-01
-8.354942779926719520e-01 -1.042294518697000072e+00
-1.755828714100720056e+00 -1.835847316686960162e-02
-1.516295174383190059e+00 -3.536920904454520231e-01
-9.358570358669450195e-01 -2.283958890930199992e-01
-7.255137023686639708e-01 -1.019180751758570036e+00
-1.084129833119980013e+00 -2.684156778500629836e-01
-2.204845641822899882e+00 4.914993303488839893e-01
-2.249882267535309843e+00 2.969264103438030156e-01
-9.035167770497239959e-01 -4.573583756847939830e-01
-1.264710968479080044e+00 2.821300325712150156e-02
-1.717075300451099906e+00 1.269471463049469950e-01
-8.729212389856529919e-01 -7.778668855138699545e-01
-2.287150051445169918e+00 5.371161595097390107e-01
-5.470747677966719680e-01 2.907049169928210136e-02
-4.143857369870849738e-01 -1.080738783809059994e-01
-2.067656919206279920e+00 2.169371423151610079e-01
