2.652986056422639849e-01 -1.532890149969780014e+00
-8.396676172153509921e-01 -1.056783587544309899e+00
7.056167413822790613e-02 -1.724440743413200083e+00
-9.035136899297879776e-02 -1.888543151012630039e+00
6.901016403158880541e-01 -1.589386302734340006e+00
7.355930715461069802e-01 -1.763023460417159960e+00
8.371663058287539538e-01 -1.570582405613319965e+00
-1.087578217175550060e-01 -1.173847079622829970e+00
-3.077402670237570081e-01 -1.560544774785449951e+00
-5.017103131548330541e-01 -1.392717060922159966e+00
-3.317027070589109727e-01 -1.462423930674189965e+00
-4.204737136294119937e-01 -1.117976675263490094e+00
-7.976531726455339533e-02 -1.448238856431790067e+00
9.322839256518630213e-01 -1.409592327256200095e+00
5.713234833076390462e-01 -1.934965111255009917e+00
-8.792374164951479720e-01 -1.001705690176230013e+00
8.983449857874039601e-01 -1.908651836932109935e+00
-3.838274013593049871e-01 -1.555220158021310084e+00
1.019952935807399985e+00 -2.025303180078870113e+00
6.277394182079859553e-01 -2.057712072016910199e+00
-7.420018718076050179e-01 -1.100425056183369943e+00
-1.005190179144830054e-01 -1.384818461363779951e+00
-8.220746879757420134e-01 -9.716447809391010049e-01
-5.315324926335509570e-01 -1.130083153882619929e+00
-7.338763914959579582e-01 -1.051286739515669977e+00
-1.775963237741859935e-01 -1.179398154347599981e+00
8.480568507288760438e-01 -1.878945672567970071e+00
1.324629006633649964e-01 -2.123786382495920222e+00
-8.521449384936270466e-01 -1.029587186758510020e+00
1.311470304118709906e+00 -1.593883131490990035e+00
2.136313857348270118e-01 -1.851332578056479994e+00
1.869530346032710066e-01 -1.866116625279790053e+00
4.354375579524850104e-01 -1.293129757698429971e+00
-2.418033347504079944e-01 -1.196055116341659952e+00
-4.334312968697410229e-01 -1.539450717136590097e+00
-8.310050100111239513e-02 -1.804039136838909929e+00
-4.096078573997820049e-01 -1.137130061829350058e+00
8.879243402041450128e-01 -2.066897153635660178e+00
-6.629328402276279952e-01 -1.183927433842890009e+00
-1.880723478352530065e-01 -1.224078660575129929e+00
-7.383820794601260173e-01 -1.071914362856730030e+00
-9.084770463399319818e-01 -1.025977575468780101e+00
-4.578533616861070188e-01 -1.484375642130070005e+00
-4.467638598921869902e-02 -1.598758743430960028e+00
8.016594821415190530e-01 -1.614361799848289980e+00
5.611499759524130049e-02 -1.461091476162740044e+00
6.270263479586419830e-01 -2.012118465138589940e+00
7.973943780603239828e-01 -2.498072866787799828e+00
8.058795194926819949e-01 -2.071335819836260139e+00
-5.760806941027130090e-01 -1.124978620642480109e+00
-7.110536786875529813e-01 -1.130206182449889907e+00
9.487282113742809830e-01 -1.439365254751520107e+00
-8.891144834864429525e-01 -9.498176848512459580e-01
-7.794874365803590166e-01 -1.068543627568059984e+00
4.470529039667029969e-01 -1.585938564044709898e+00
2.232556096200679907e-01 -1.722458855941479960e+00
6.604597285944939777e-01 -2.608695387952470135e+00
-1.050108167787200050e-02 -1.216994751931300023e+00
-1.132761043372109977e-01 -1.756352065167190002e+00
-8.438547562788459855e-01 -1.058031504150100055e+00
8.001916270516169494e-01 -1.541238626206389961e+00
-8.665971377399149522e-02 -1.160999583904630095e+00
-3.192751528163210173e-01 -1.359839591698229988e+00
1.009634816871850083e+00 -1.403569590882070006e+00
-7.156170856131019997e-01 -1.224273795213580041e+00
-7.612380465204009461e-01 -1.039842971468099897e+00
-3.107321673953959973e-01 -1.262842126163709944e+00
-4.966342407083479960e-01 -1.428748076508129961e+00
8.667714690134699362e-02 -1.405610652932330007e+00
-9.891605745294780316e-01 -9.458300863165719496e-01
-1.025213609165150030e+00 -9.084145592044879924e-01
-4.981361888229239865e-01 -1.302611777469290022e+00
4.828462160763650202e-01 -1.818623836531430005e+00
1.314478193097320113e-01 -1.785195149785580027e+00
-4.904503749531680112e-01 -1.297873398740760020e+00
5.906457605417070322e-01 -1.318183750355639949e+00
3.335995248535820190e-01 -1.775811726377350075e+00
2.171284108482479935e-01 -2.190770895775119964e+00
6.834660700648339526e-01 -1.394729380071439984e+00
3.001798637276870130e-01 -1.334028073802610015e+00
4.165368078026990273e-01 -2.052792519386299919e+00
1.831090887410219969e-01 -1.683472028189539893e+00
1.231503876836359979e+00 -1.509922875335190096e+00
7.105231843822159554e-01 -2.444334070594980091e+00
-4.925496035356939917e-01 -1.249273677221480083e+00
1.115946665451170050e+00 -1.886488589569190077e+00
7.396523478790829609e-01 -2.028967308678720105e+00
5.507316980345989821e-01 -2.329830929326420108e+00
-4.206048060134510297e-02 -1.744121431249950005e+00
8.501044963901629448e-01 -2.112113265309730092e+00
-7.323097488217930051e-01 -9.958148551306249541e-01
8.241747072615529524e-01 -2.029090656272329873e+00
-1.550121224567959921e-01 -1.565086678990889935e+00
-7.749214980302380207e-01 -1.049811167441319970e+00
1.238274196917529935e+00 -1.741477359454159934e+00
5.598341664774979520e-01 -1.711872351136890069e+00
8.361880392813749729e-01 -1.970882457666679910e+00
-8.892982815958400122e-01 -1.053860274183229917e+00
-8.494353753220369452e-01 -9.864240054165830385e-01
-4.978874066238689888e-01 -1.227400896774849981e+00
2.325905103944589936e-01 -1.996960787274659976e+00
-8.884795717911250224e-01 -9.444509071364779462e-01
-8.880921781604770304e-01 -9.879306175434110493e-01
-5.098290496495729851e-01 -1.057145197996480102e+00
-4.779850477946750303e-02 -1.711514447766260050e+00
7.082222963918359815e-01 -1.605121578880359889e+00
1.021397529198990073e+00 -1.547951865539950012e+00
-2.966165715701190031e-01 -1.608664577895549952e+00
5.103308700394479924e-01 -1.728775841927900014e+00
-5.354430429025880400e-01 -1.119156841771479893e+00
-8.774351419908760219e-01 -9.458895014365740206e-01
-4.420998385089859872e-01 -1.047813253784809939e+00
8.011538437372679455e-01 -1.470189897956249991e+00
-3.266495905116940102e-01 -1.431981205319740047e+00
-2.088443172693970062e-01 -1.235771160402509894e+00
-6.870507646583490224e-01 -1.195402655429889993e+00
1.136077019527619997e-01 -1.711012749624930107e+00
1.698904067712979915e-01 -2.036996147845989924e+00
-5.201519175814970364e-01 -1.120378856488509989e+00
1.036033930117790103e+00 -1.443801264555679920e+00
-5.153168200874910232e-01 -1.198198358291810095e+00
6.539973278193770279e-01 -1.982548571540180049e+00
-5.935390204048920371e-01 -1.218824322807229965e+00
6.712488378235990094e-01 -1.667714807727959991e+00
5.355851433502809567e-01 -1.401812903816120004e+00
-7.157531518713270424e-01 -1.050752118952799963e+00
-1.866140050532580086e-01 -1.432228500806969951e+00
-6.315802951218260075e-01 -1.204166188764909995e+00
3.827597932119700119e-01 -2.380543831292949886e+00
7.139114420224570434e-01 -2.007865887490490220e+00
-3.068796173328319776e-01 -1.087201419455289919e+00
4.453661769544839943e-01 -2.020005774931130205e+00
-1.918588142741220037e-03 -1.299768814858279997e+00
9.628783692149259776e-01 -2.075022102348830000e+00
9.479913483102320182e-01 -1.667923260119889894e+00
1.209315749072999990e+00 -1.679977045858590090e+00
-7.211038545048999993e-01 -1.151013509305730098e+00
1.058082808084870041e-01 -1.748785312036130080e+00
1.109128085566170041e+00 -1.754383474272529941e+00
-2.622711944508390181e-01 -1.120734786852320086e+00
-3.904310945789140064e-01 -1.587491511165469937e+00
1.820846750617770016e-01 -2.071561071729069781e+00
1.810441247264889947e-02 -1.954312067902040040e+00
5.215847487093849821e-01 -1.873468872608260005e+00
-8.734597176310520128e-01 -9.518421987479750435e-01
9.399048152294420255e-01 -2.120514829477159857e+00
4.929014689534499949e-01 -2.382282954861520086e+00
-8.498059277549450119e-01 -1.082290662381659940e+00
1.067346248695270061e+00 -1.650271801936560090e+00
5.758396571314140511e-01 -1.685300718095749994e+00
-7.487344379581209464e-02 -1.131747995786640093e+00
-6.551630781479720333e-01 -1.033819457513619922e+00
-1.002354350490550106e+00 -9.349732612541270527e-01
2.279891150552179890e-01 -1.234901661105419990e+00
-6.720096366627480444e-01 -1.020739176705000029e+00
-6.916821535493989925e-01 -9.988566415577959656e-01
8.016816453873599757e-01 -2.346446333357059988e+00
-6.855448744075880452e-01 -1.105770263918629981e+00
-2.996565107680509987e-01 -1.386969832906949973e+00
1.167020170668229967e-01 -1.572036206064910013e+00
1.307559004642699918e+00 -1.579240750867640042e+00
6.094311811863619699e-01 -1.848992480143240025e+00
-9.917719843904090338e-01 -9.148655438362920389e-01
-1.011231252286419968e+00 -9.243805301469459890e-01
-7.419654097861899666e-01 -1.140588713830549938e+00
2.930058368542019960e-03 -1.515768621014649931e+00
-3.491515312200910159e-01 -1.506615955598390011e+00
-7.790200638522519483e-02 -1.490691499923769925e+00
-2.262270922430169862e-01 -1.094596705957070037e+00
7.763338311744849563e-01 -1.442642434484799896e+00
8.648108272833530119e-01 -1.879344907999030090e+00
-7.062428613825210144e-01 -1.170390725707580071e+00
-7.148602531287839845e-01 -1.208410898440859915e+00
7.475093399652139592e-01 -1.928272880177249959e+00
-2.389438397724429897e-01 -1.284732608551659938e+00
6.258959900766389861e-01 -1.297120774984299896e+00
2.712048720210319952e-01 -1.850439003680860006e+00
2.132052959058700070e-01 -2.031953347025880152e+00
1.243000275253769993e-01 -1.694499000843940006e+00
-6.251657148020719479e-01 -1.192782546990599934e+00
2.345909294433680126e-01 -2.035470310412919925e+00
6.878376477922979459e-01 -1.325203095304670065e+00
-6.613706879039550346e-01 -1.030578439954960013e+00
1.155177929891920030e+00 -1.803705933451200005e+00
3.045266974196940146e-01 -1.247134409168560110e+00
7.917459117428969906e-01 -2.180330586475950128e+00
2.444460032895749979e-01 -2.253117315947480215e+00
2.086123343505719846e-02 -1.613771702104439987e+00
5.413531593144490506e-01 -2.529677861743179879e+00
4.874691314031510125e-01 -2.045898470827160143e+00
-4.992946200220649833e-01 -1.182459039819450108e+00
4.900575351988289974e-01 -2.360651713583810096e+00
5.883176896866380012e-01 -1.900399210056479937e+00
-1.008339102272550081e+00 -9.101391949799929604e-01
-9.899827239411540525e-01 -9.452539521755639607e-01
5.401413943386830230e-01 -2.060628202716110025e+00
2.482161096436250047e-02 -1.862735496226799903e+00
6.899981587400539906e-01 -1.598987829524280091e+00
2.825568059580509939e-01 -1.258049780382050065e+00
-7.184320159034679465e-01 -1.050250413833170082e+00
-1.500179188332489977e-01 -1.726028816860039949e+00
8.520360958322550360e-01 -2.080785229385730073e+00
-8.777072526176949996e-01 -1.068337059056879923e+00
-9.841849073248050139e-01 -9.287694141578489715e-01
1.239094712394060105e+00 -1.744339625223449985e+00
-5.334679273353299944e-01 -1.291828706393320036e+00
-4.151139819126519748e-01 -1.250835970263860064e+00
-4.073026259525039938e-01 -1.296401523001500022e+00
2.197523294876979963e-02 -1.612985059348130079e+00
1.019729731173180109e+00 -1.990567845869879893e+00
-3.331393969437029812e-01 -1.376130157234829898e+00
-1.331870480604079865e-01 -1.247820852174970074e+00
-1.107877907916109961e-01 -1.495378194817899908e+00
7.088469400875869741e-01 -2.103725360630690044e+00
4.154524632827020225e-01 -1.840235205652869910e+00
8.646008911182919698e-01 -2.185238243196870211e+00
1.729531346165530115e-01 -2.154472733573229881e+00
6.304707090086230092e-01 -1.431956751045230014e+00
3.605127703450419774e-01 -1.387737301654490052e+00
1.710914880643719937e-02 -1.758454962829739898e+00
1.080885396224789963e+00 -1.593134145804699919e+00
-3.797646190633530150e-01 -1.382614097965159994e+00
2.037953786745080043e-01 -1.710469534734629926e+00
-9.316194642748170107e-01 -9.605147608802729886e-01
-1.358371326111499910e-01 -1.527608940084230094e+00
1.043254918232570105e+00 -1.558644127165119908e+00
-3.155962490232109841e-01 -1.534746787829230019e+00
1.798989201261380066e-01 -1.275907478713669940e+00
-6.484028437847729753e-01 -1.014995029781160074e+00
-9.692058718266270689e-02 -1.130805931640270101e+00
-2.572292115274940061e-01 -1.123424875534519973e+00
-8.979448459640190228e-01 -1.049123238130510005e+00
-2.424011793374339918e-01 -1.739784294329000058e+00
-5.130620893446810049e-01 -1.088991703122740073e+00
1.298399560871150049e+00 -1.648211876506310070e+00
-5.014438670837120249e-01 -1.109409889705490038e+00
-8.532188825514439579e-01 -9.875448734805200024e-01
5.501657598011849837e-01 -1.718334360205560074e+00
2.076615589714390087e-01 -1.703775616237360069e+00
-5.766119534883129560e-01 -1.010340653702129998e+00
-1.006713046163800085e+00 -9.254340025430389804e-01
-7.627129894845630087e-01 -1.152219802937910043e+00
3.944637912436039784e-01 -1.354650087880429954e+00
1.272997277582430087e+00 -1.512881894018129891e+00
-6.146588326449340389e-01 -1.300177088387370006e+00
5.506111209333860446e-01 -1.975398135294039959e+00
7.150025852049389785e-01 -1.824660726779189890e+00
4.992376188477080090e-01 -1.282020864006500060e+00
6.397154124853310364e-01 -1.468199433513609931e+00
-6.116398269292020462e-01 -1.281253300724650046e+00
6.786633943355829812e-01 -1.353365355883149990e+00
5.256897518520029511e-01 -1.336148162915500093e+00
3.193737334341659739e-01 -1.375597644991870094e+00
8.010680607098320527e-01 -1.392961878669950027e+00
-3.174163984103889891e-01 -1.662942795152710040e+00
1.067478204886409987e+00 -1.681452255511630023e+00
2.006368448912380087e-01 -2.041722864544440075e+00
-7.127083102459569330e-02 -1.740445934034750008e+00
-5.586143051369409779e-02 -1.612698399127399984e+00
2.922442361832099933e-01 -1.355761447314210111e+00
-5.240113623769540041e-01 -1.039168531122310002e+00
-4.046125916536409683e-02 -1.818441726881550036e+00
5.127943375606009990e-01 -1.741070882195699943e+00
-5.910582592117429902e-03 -1.451706292354419947e+00
-2.069672689182809888e-01 -1.782651569546910064e+00
2.271344455439990029e-01 -1.851651431108700008e+00
4.105749737225610208e-01 -1.767305290912539961e+00
6.366086227647129725e-01 -2.565473502605939871e+00
1.024838584967439958e+00 -1.531143158229890000e+00
-4.230609098025340242e-01 -1.232907383475549956e+00
5.487354508355920535e-01 -2.301592119750420107e+00
4.644681641956590057e-01 -1.804760960749300036e+00
-1.655032905353419903e-01 -1.736278198327180000e+00
-9.634289333037790448e-02 -1.472940849231779925e+00
-5.152202416367690496e-01 -1.361578139488480055e+00
6.052671463316220413e-01 -2.019243440960050151e+00
-6.137734975060029630e-01 -1.191335976597909907e+00
-6.802054958218930469e-01 -1.214380091147789997e+00
-2.181207016224180062e-01 -1.553859300407359978e+00
3.838512482979359874e-01 -2.125093044096039829e+00
-2.633240453475270137e-01 -1.274695574190080061e+00
-8.916204649430039542e-01 -1.018531111149209911e+00
4.542905469922869921e-01 -1.368693907847450042e+00
-7.566527629172220548e-01 -1.156575267255939954e+00
-5.716695130916570333e-01 -1.049436241395129921e+00
-6.961020463818149741e-03 -1.698200072810220007e+00
7.826084422179020450e-01 -1.346978282415350003e+00
3.953589398175409997e-01 -1.532400212223909985e+00
6.935363488567739543e-01 -2.664782919202520084e+00
-3.702296878732350138e-01 -1.257069549939310082e+00
-6.135292655047720062e-02 -1.161437395769089997e+00
1.139409945766779897e+00 -1.614857713432060082e+00
6.689999280818930139e-01 -2.438567503064060116e+00
-1.025451060024429983e+00 -9.071420125655399458e-01
5.329878509829260036e-01 -1.947949982485629894e+00
-2.828291551279780158e-01 -1.404658707703170029e+00
5.232461399571549654e-01 -2.341160364373449987e+00
-1.831526046156859988e-01 -1.552706870519410032e+00
2.658469029362630076e-01 -1.237590049353060051e+00
-5.806907111989959569e-01 -1.175474666247620092e+00
3.447515359336229823e-02 -1.342677530300889988e+00
-7.545884766188719617e-01 -1.119053961660910090e+00
-3.369884468377040143e-01 -1.082515890992759910e+00
-2.500908476270219949e-01 -1.625191522630440089e+00
-2.817251378998210098e-01 -1.652546847438850053e+00
-4.973405088138799779e-01 -1.360320327281220099e+00
-7.272002992794559528e-01 -1.176395840473509979e+00
5.413856599215489673e-01 -2.214664205662059793e+00
-1.985752169252429922e-01 -1.227130030898859969e+00
-8.680392125480070054e-02 -1.485547089938960008e+00
-1.503949163134860045e-01 -1.194255065863369936e+00
2.063198309562100097e-01 -1.228452552121449992e+00
-1.579122298062249907e-01 -1.612646380060279938e+00
-6.126222616579529712e-01 -1.046959331894379952e+00
-2.679362087715609908e-01 -1.090295840014710027e+00
-7.587813878659850353e-01 -1.149129361207410049e+00
2.028088385316970110e-01 -1.617672080563109960e+00
6.033541672050229954e-01 -1.372982304541179976e+00
-5.686396705473360097e-02 -1.624997681478099976e+00
6.073244043514780532e-01 -1.655625130475840034e+00
-5.232056655715020543e-01 -1.164188980433279896e+00
-9.508591261842820330e-01 -9.902732231329189894e-01
1.165388123258980002e+00 -1.668097877852350086e+00
6.544494665530989908e-01 -1.336189944397440099e+00
-4.396751836212889897e-01 -1.430360274126960096e+00
3.042779075611840023e-01 -1.780611482837239912e+00
-3.735399612471759778e-01 -1.060726518142840025e+00
5.031546330985919857e-02 -2.009897512649919893e+00
-3.757316341601020238e-01 -1.252605888524640054e+00
4.253837585408449806e-01 -1.675422680484430105e+00
-5.523235666884129813e-02 -1.155124071387940043e+00
-4.948392505438860001e-01 -1.368551008591800011e+00
-2.200190755437110013e-01 -1.448661075548560051e+00
-8.188788959550420410e-01 -1.029694218951860085e+00
1.872365542459359933e-01 -1.763694210136000029e+00
-9.141496756168140392e-01 -9.827712511082250524e-01
6.445589186431489592e-01 -1.801587189895430097e+00
-9.968388238303099724e-01 -9.388516245277139793e-01
-6.667187161349460434e-01 -1.187623419388649904e+00
8.472426701188050524e-01 -1.729878162124510066e+00
5.848356506530849597e-01 -1.359649975053969895e+00
-8.354029977579590094e-01 -1.020044901779709967e+00
8.828054242046380340e-01 -1.461860792326910019e+00
3.468585928100840210e-01 -1.427366393727039995e+00
-6.779965792167930161e-01 -1.125810131000190006e+00
-1.844460553949729964e-01 -1.530108265001099976e+00
-5.803821069442809816e-03 -1.446953590935899925e+00
-5.586928321522099949e-01 -1.291525878295000096e+00
3.733039162983570192e-01 -1.436967386797320057e+00
-3.447568701742430020e-01 -1.461326018966979889e+00
-9.117056304628320396e-01 -9.330038827294769854e-01
-5.231123235904590052e-01 -1.341554547523319929e+00
1.214073408469079976e-02 -1.728512518391579933e+00
-3.089684895749140181e-01 -1.572662993688850097e+00
-1.028269464608740025e+00 -9.054624978571680360e-01
-1.745636802913090035e-01 -1.798787707195709906e+00
6.795328426285579537e-01 -2.067966489810490138e+00
1.643918144805900095e-01 -1.842078832657159992e+00
9.789023325910570228e-02 -1.797327674720319957e+00
-7.692611392287169725e-01 -1.129022346470690108e+00
-3.764551029693070094e-01 -1.506202878213589891e+00
-1.833292040942940127e-01 -1.516469758131919976e+00
-7.927385079710640436e-01 -1.151932808094960015e+00
-9.914889595780590481e-01 -9.143808303844600527e-01
4.036437399938240245e-01 -1.271948545643849959e+00
-2.340973106921279828e-02 -1.236772197513440030e+00
-7.698017580870749610e-01 -1.124251434802379990e+00
-3.168584715177459876e-01 -1.485259601386829997e+00
8.702847568896530106e-01 -1.502100256157770097e+00
-8.585104205074679529e-01 -1.058264237105809968e+00
6.039070165001609869e-01 -1.968774219345970078e+00
1.017175838415099953e+00 -1.915323979137439903e+00
-8.074671334073110218e-01 -1.045899229255139895e+00
6.471811110019029534e-02 -1.931281602827880084e+00
-4.009913855112769987e-01 -1.329721906308849899e+00
-5.877932431513109846e-01 -1.283086822159229978e+00
7.099150265476770194e-01 -2.326599191592869875e+00
-3.503401588328169947e-01 -1.202094015931199911e+00
2.564718392193799934e-01 -1.615553633848330062e+00
-1.742717139192560133e-02 -1.974429548988700045e+00
7.086104409580199492e-01 -2.543591105980960165e+00
-7.284654383935420530e-01 -1.093275833967950028e+00
1.126179644208050029e-01 -1.216530453476510010e+00
8.488247820473829863e-01 -1.933867016655999915e+00
-9.286379366792429924e-01 -9.667597299151849954e-01
7.657069017277720047e-01 -1.674046012733900080e+00
3.167804952810149843e-01 -2.077900313492289985e+00
-7.467300089760799953e-01 -9.916602097616600275e-01
-7.901928526595110025e-01 -9.644368999420509514e-01
-7.268015194774329890e-01 -9.828691019109170313e-01
-9.314016396832980327e-01 -1.003425513473279906e+00
6.904558815989989551e-01 -2.038772868066479838e+00
-8.348630928017900521e-01 -9.809144843935250213e-01
8.163617441535230279e-01 -1.448996239838040045e+00
-7.061824534456010438e-01 -9.931298590651219671e-01
5.818725574884210383e-01 -2.163689323877219906e+00
6.918306847833900486e-01 -2.674589805796570019e+00
6.777254562025749607e-01 -1.705896739697410069e+00
-6.431643324369999970e-01 -1.137172455341610044e+00
1.102311760117190009e-01 -1.507009627882879954e+00
