1.196868556786500060e+00 1.180713582956770091e+00
1.502111576493170064e+00 2.119469083473520143e+00
1.604629895804269957e+00 1.133644009166479893e+00
1.518396255888909918e+00 1.203745142683479985e+00
1.319023358466880014e+00 1.468983999637690108e+00
1.172355530186190098e+00 1.366213160881819988e+00
1.515770195296999967e+00 2.717406460047290029e+00
1.919458605447629918e+00 1.657300546314909973e+00
1.254164958158699994e+00 1.681572925429309917e+00
1.283177672103809952e+00 1.046573424946140030e+00
1.676327658381530084e+00 2.461934595426740202e+00
1.335775536088990023e+00 1.104252130155100042e+00
1.429043100690380097e+00 1.497780285704400027e+00
1.376668770571209954e+00 1.152696520911659972e+00
1.843765026999889978e+00 2.642101848110570028e+00
1.474744474676320083e+00 1.564884130326930078e+00
1.741155507764100108e+00 2.573233167334759930e+00
9.399126287111180256e-01 5.313025665031819722e-01
1.703281331448879943e+00 2.243875299334760154e+00
1.568047678939100020e+00 1.267087341554699931e+00
1.626486129675269954e+00 1.178081681461010000e+00
1.463560737568690096e+00 2.115844529906750093e+00
2.230489820997109796e+00 2.271520017791750057e+00
1.282322607405339987e+00 1.004846499143370098e+00
2.078782580917890144e+00 1.728542294065460005e+00
1.111760870031879955e+00 1.093506907104639936e+00
1.695936586732299967e+00 1.452294921974099928e+00
1.214629270835279939e+00 1.362075256479549967e+00
1.046553837140649978e+00 8.318666938214830386e-01
1.701953886449359965e+00 2.729931358557149856e+00
1.234740490377459921e+00 9.917691920266640260e-01
1.068592779188239916e+00 7.658479879541809643e-01
2.038560352425240030e+00 2.079765690090780161e+00
1.215241991580459979e+00 8.387609441309059610e-01
1.084604114385139928e+00 6.884561831373979812e-01
2.089566768783590156e+00 2.024749218990740118e+00
1.374382622818240085e+00 1.867070498552940050e+00
2.545964665475120015e+00 2.190257170536630049e+00
1.782417584099480035e+00 2.051742487198700005e+00
1.270542121110050049e+00 1.147383385990949911e+00
1.573644725702830094e+00 1.098932649390240046e+00
2.042107401847829795e+00 2.110862424071710208e+00
2.482921806222309957e+00 2.142398457863320171e+00
1.108670403031599916e+00 9.965093526688729719e-01
1.441694152795369943e+00 1.601453889486009974e+00
9.813122555257689505e-01 7.023515825910809918e-01
1.397476339346590102e+00 2.164893516294020159e+00
1.235816054645670015e+00 1.743619479453190069e+00
1.620049957406290098e+00 2.048387988038760099e+00
1.617214674514060091e+00 2.550652503417389916e+00
1.057135818064540045e+00 6.951064085649729662e-01
1.486394770188580017e+00 1.692386748275469976e+00
2.145558064056150016e+00 1.853399525523220071e+00
1.723832907388360036e+00 2.282465322274609854e+00
1.286935282491010080e+00 1.816989804185930035e+00
1.283943602875109891e+00 8.807029751179610289e-01
9.980042250219539612e-01 6.017826074417149673e-01
9.316514368396520140e-01 5.365998490200120097e-01
1.897635793707959984e+00 2.381125867952340158e+00
2.536322226157920134e+00 2.108097383473920061e+00
1.158112152626129987e+00 1.130545163678239984e+00
1.689319213854789892e+00 1.304726452643200085e+00
1.055618198965180055e+00 9.890739629174609693e-01
1.366014981321310051e+00 1.898616848610559904e+00
9.702893081146080068e-01 7.065854353206849625e-01
1.892582790490660027e+00 2.448354035372750204e+00
1.512642495359409978e+00 1.504900696232639890e+00
2.169240647164730085e+00 2.091200414478930014e+00
2.150424573272809781e+00 1.667212613707609981e+00
1.679253531435650038e+00 2.032500042500370085e+00
1.879600361275790110e+00 1.590445992167260014e+00
2.563433060191250057e+00 2.152136043831029966e+00
1.169327884914939997e+00 8.186199604185580014e-01
9.292032296878419695e-01 5.421498412968980274e-01
1.542852378485910059e+00 1.605194516403249949e+00
2.693431993154010051e+00 2.177489591657849832e+00
1.533361332631010043e+00 2.213056887412350182e+00
1.002222060449460050e+00 6.315193877601239514e-01
1.071629600599810050e+00 7.322550574179670368e-01
1.205625815168120063e+00 1.281360715143629925e+00
1.583277461866100078e+00 1.300343459276239955e+00
1.920426926809410073e+00 1.800209677841680067e+00
1.180672927177190079e+00 1.602987528292910024e+00
1.593978982342660000e+00 1.996660624214839919e+00
2.300491132517029857e+00 1.880676132436849946e+00
9.384760415568209613e-01 6.077237519509870456e-01
1.542964816590510102e+00 2.349651378929389800e+00
2.137453570552529936e+00 1.964773082470860022e+00
1.932564695610240024e+00 1.936501153794790042e+00
1.466026268754490047e+00 1.378297357749739938e+00
1.519466701852419943e+00 1.580773671945449932e+00
1.757792236520760110e+00 1.394468746157450090e+00
1.397464094265459922e+00 1.843515708466149983e+00
1.119427358297010011e+00 7.687854517540899657e-01
1.170998912733330011e+00 1.322637849264840071e+00
1.917802239113080010e+00 1.925238495128370086e+00
1.631133249907599891e+00 1.879725198613229953e+00
1.545777797726509917e+00 2.660337975633349838e+00
2.288602856836229993e+00 2.255769660877290139e+00
1.835590711071029890e+00 1.359921770728180102e+00
1.359353598991090095e+00 1.131200423607169991e+00
1.637307169300499909e+00 1.615941610814110030e+00
1.931487194806279950e+00 1.571032297344340023e+00
1.135101950796419956e+00 1.075237186784320009e+00
1.880074802291670011e+00 1.424766120897289934e+00
1.752471066717290027e+00 2.555485642967620041e+00
1.326169974923719908e+00 8.871448549646619997e-01
1.039409738452659937e+00 6.461305960974440543e-01
2.027380831245880088e+00 2.042852809837599981e+00
1.340228673460700071e+00 1.275830680999340050e+00
1.261583929841769924e+00 1.790737689350740069e+00
1.184716683506580104e+00 1.580534117955890050e+00
1.165344198682539911e+00 7.729207471892229897e-01
2.006791666703370058e+00 1.505935893055730057e+00
1.569889953528800008e+00 1.103410767703749906e+00
9.266945475735159921e-01 5.607707727523789654e-01
1.097184932505510080e+00 8.387164383294130054e-01
9.486444532684430442e-01 5.739440895071660220e-01
1.062703219284750089e+00 6.219228726157900455e-01
1.275135643002869967e+00 8.884323463706580437e-01
1.204015074859619894e+00 1.455605393775120104e+00
1.264023530181880073e+00 8.651643205155900018e-01
1.233666129381550070e+00 1.170502679881179953e+00
1.925779942839640047e+00 2.077123125834400064e+00
1.324998640784680104e+00 1.059517568050740044e+00
1.626360627691119998e+00 1.827569365140240043e+00
2.153666690061749822e+00 1.812437402830789912e+00
2.010000915927120158e+00 2.111924600799420126e+00
1.294582452770590031e+00 1.069834899280780016e+00
1.296671284610299901e+00 1.136739936054460109e+00
1.624620425422439896e+00 1.298890592546869893e+00
1.380035338812829915e+00 2.147428653225779804e+00
1.405782967131600003e+00 1.317943518302290062e+00
2.099654995507520105e+00 2.504224026451260077e+00
1.041885243299450092e+00 6.011291178611080088e-01
1.947454917142569908e+00 1.602707512715920046e+00
1.790150365693710111e+00 1.611271341839930038e+00
1.497896908076469913e+00 1.648310291230989932e+00
1.802836074210520056e+00 2.190009210124120198e+00
1.828157892760839953e+00 1.760822343654580013e+00
1.037447197579909997e+00 8.613758688021629917e-01
1.552904129247560050e+00 1.527654492134389974e+00
2.069547450990239845e+00 2.206488663319219778e+00
9.229012822873280397e-01 5.331026952407349473e-01
1.460336995999510057e+00 1.785930255718489956e+00
1.205238412745770038e+00 8.272233845342610303e-01
1.423249657618530062e+00 2.489527624783370197e+00
1.685486791300699894e+00 1.745104174343470094e+00
2.085278696827880029e+00 1.584618238137240009e+00
1.133971584247509989e+00 1.267843596532669981e+00
9.011052620855799500e-01 4.621511064155939819e-01
1.280733770849769915e+00 1.197896043246009956e+00
1.354665061190700071e+00 9.640347425318860353e-01
2.010911984665110008e+00 1.520871872673339897e+00
1.887416150861570108e+00 1.832961672377569906e+00
1.311647322199239962e+00 1.802221954630359946e+00
1.684374786337929919e+00 2.364450680366450008e+00
1.567629065359710028e+00 1.266669488784810005e+00
2.013385499467490014e+00 2.439274242240839996e+00
1.265122423648010086e+00 1.210378344379710036e+00
9.477770411082210300e-01 5.736219697552460417e-01
1.211051438608730102e+00 1.438513496563669891e+00
2.016349094364350059e+00 2.374406740411540095e+00
1.561474818206050053e+00 1.280449322841719972e+00
1.575297080987619891e+00 1.109522935062410065e+00
2.050217623007049905e+00 1.698535774470760096e+00
2.019081466454109908e+00 1.942273077622910016e+00
1.088227934581319944e+00 8.739121445349630202e-01
1.673636914340530080e+00 2.166673623245880087e+00
1.585176809953529942e+00 2.091119366279530212e+00
1.313404537100729907e+00 1.704246438358449911e+00
1.397229360994320047e+00 1.960894008881860051e+00
1.953098835146060086e+00 2.431215593593300195e+00
1.897159209024279924e+00 2.312308735747909960e+00
1.438656602281189967e+00 1.244861699725059889e+00
1.689448069591390045e+00 1.918437605709389926e+00
2.094639890855869879e+00 1.795076265005630001e+00
1.566066977631120016e+00 1.937916469734930036e+00
1.968589411898520103e+00 1.472754703434389967e+00
1.955357760050030036e+00 2.566940820288269975e+00
1.502665154082269972e+00 1.672600395103259974e+00
1.071056153185919957e+00 1.007197682615039946e+00
1.780627793928819980e+00 2.576327079807859910e+00
1.268918688022850016e+00 1.566690519567460083e+00
9.736551398072830210e-01 5.726466930169270553e-01
2.300213031429199972e+00 2.053326423156399905e+00
1.536228739286439993e+00 1.895620553952269915e+00
1.402803161971819979e+00 1.906556445684919998e+00
9.701408885742379695e-01 5.636236274303889626e-01
1.864605365042599994e+00 2.375795871800030046e+00
1.489145239412899890e+00 1.960410621546970100e+00
2.228097378424049868e+00 2.383054730116730191e+00
2.357332012697220147e+00 1.888746485952280008e+00
1.242051118740749915e+00 1.588970799245660093e+00
1.293387899013690001e+00 1.173764074120170031e+00
1.438659878725059960e+00 1.805046300904409984e+00
2.472953308755780011e+00 2.125233697576919933e+00
9.346910890365830449e-01 5.110434382713040513e-01
1.647403941739250088e+00 1.231801709315049953e+00
9.542128303868869788e-01 5.547026006808930543e-01
1.523852151423169987e+00 1.606769261289769934e+00
1.119347147635199935e+00 1.238529680628279950e+00
1.823110342843550002e+00 1.944801412489929993e+00
1.788250087190450088e+00 1.766556003728670055e+00
9.751998302130160390e-01 6.041002172683830329e-01
1.692176275429440047e+00 2.084730469012320064e+00
1.928261404039750104e+00 1.520783733114630110e+00
1.284092192272100030e+00 1.441669372000170091e+00
2.147955678568469917e+00 2.331714952125039986e+00
9.522684017887389496e-01 5.847150146202230170e-01
1.065800508492380061e+00 1.121218632959319894e+00
1.809480732554010096e+00 2.401034192831439817e+00
1.598122896883910071e+00 2.355558360367739912e+00
1.647006601159979988e+00 2.348434489129540115e+00
2.101568134262350007e+00 1.877485376719530086e+00
1.798866616984829969e+00 1.703532136642569972e+00
1.680898132413719992e+00 2.439672513069449877e+00
1.544765677548540106e+00 1.375361660609969894e+00
1.945094490582760072e+00 1.686854631810190019e+00
1.298026552336879913e+00 1.008636788607109924e+00
1.097102264355090062e+00 7.995080777435700226e-01
2.225649218552019803e+00 2.036527377918130099e+00
1.123429323802080049e+00 1.385572812422299904e+00
1.186414064307770078e+00 1.004192095676039953e+00
1.961549212482889937e+00 1.819005565967259930e+00
2.192170607116119996e+00 1.786242728532350110e+00
1.458062919432520088e+00 1.337876648761390008e+00
2.198795727570889813e+00 1.915165466578029996e+00
1.092143541183929978e+00 1.000453190389549940e+00
9.741567510062929536e-01 6.038793970546849632e-01
1.834677095955469905e+00 1.894422125521229905e+00
1.147200665565619948e+00 8.008953604368099777e-01
1.737369350510040045e+00 2.369134200467490015e+00
1.260778337726349951e+00 1.014161754347149946e+00
1.817346035838870000e+00 1.469572828261050068e+00
1.283454152268030057e+00 1.399162664371240039e+00
1.244672349777369957e+00 1.712615139876400017e+00
1.039175985309549910e+00 8.503159782318120419e-01
1.038561901172430080e+00 6.448061778693640056e-01
1.144319302663290072e+00 8.355506078627580324e-01
1.462107481004909948e+00 1.305691134701250089e+00
9.290147039280329810e-01 4.983115174390160274e-01
1.516030729393730070e+00 1.090325507727899934e+00
1.911259071296139922e+00 2.310926937496450062e+00
1.419462505251370077e+00 1.946898924256410091e+00
1.216057606331210073e+00 9.981121804709589540e-01
1.904734020498860092e+00 2.581829115317329837e+00
1.542094319135050018e+00 1.430665634219149940e+00
1.385171983816559926e+00 1.656197906758569927e+00
1.566855530004279906e+00 1.126604083197719985e+00
1.922305365422759982e+00 2.111120487721439787e+00
1.911045679438440059e+00 2.375855213297710211e+00
1.121386694432310094e+00 1.069144785896289918e+00
1.919040939592020045e+00 1.554638686314270046e+00
9.537888147338520195e-01 5.328198415062019855e-01
1.214136972073170062e+00 1.456354460009890106e+00
1.262282283024400042e+00 1.261822250301960047e+00
1.013139152369370022e+00 5.819564488802939639e-01
1.945819560118700053e+00 2.478787372489069885e+00
2.099047723794420062e+00 2.259534929924449820e+00
1.252015233759419921e+00 1.119991848541100010e+00
9.191014057896650380e-01 4.867282520928989942e-01
1.175653088240069977e+00 8.929817226066749658e-01
1.809598277611629946e+00 1.488395101208380034e+00
1.274630869654300058e+00 1.837123459593869912e+00
1.698790643850679905e+00 1.737090621041889937e+00
1.427770564761839944e+00 1.390006170141240061e+00
1.350749624158360085e+00 1.757210970565000085e+00
1.231550386544919995e+00 1.281555261323569894e+00
1.408505487451040095e+00 1.161680381960930042e+00
2.033896646733280189e+00 2.177936680597530206e+00
1.390962608807920109e+00 1.954124834032499924e+00
1.581274106626979981e+00 2.595482580887369828e+00
2.110815136616139842e+00 2.514928649213839851e+00
1.925201497268189899e+00 1.757050389546739977e+00
1.158334072558490080e+00 8.032016345833670190e-01
1.548049153734289973e+00 2.062927305970970071e+00
2.298263440503809818e+00 2.403218095643659957e+00
2.132779658794759836e+00 1.946364667309939955e+00
1.025865125241330000e+00 5.950547207897319835e-01
1.322450378057000053e+00 1.750305361509850055e+00
1.921295742078459989e+00 1.810591620433120053e+00
1.587676933306569893e+00 1.819899138138810102e+00
1.819642732612450020e+00 2.578201122739249840e+00
1.924564120174750093e+00 1.939472649939530058e+00
1.917823355250640072e+00 2.568498865870259884e+00
1.298060593340200075e+00 1.209819375522199980e+00
9.550114122542120443e-01 5.159141406436129618e-01
1.082887146281779955e+00 6.653600942327989598e-01
2.155137671074970118e+00 1.969896332487840018e+00
1.000063649522650033e+00 6.043857103389890240e-01
2.119850581796149935e+00 2.256426008384619930e+00
1.460301892813280045e+00 1.610494566293029894e+00
1.388003659331269901e+00 9.884788493544379717e-01
1.347168682531280082e+00 1.063860382195999987e+00
1.292576856560819998e+00 1.672907842865750006e+00
1.371057175430069996e+00 1.115203231550849994e+00
1.872787233994549938e+00 2.211613968640690153e+00
1.761808654119989992e+00 1.465699841649360069e+00
1.282952285018829963e+00 1.023449247242939952e+00
1.203956163640210075e+00 1.647252997527089979e+00
1.911617607095750015e+00 1.977291602495099943e+00
1.079168087905679974e+00 8.537499507101500296e-01
1.305933695793269900e+00 9.946669238659110457e-01
2.101599111611809789e+00 1.856359678784679890e+00
1.350521648711449973e+00 9.088653797684199676e-01
1.752608241387259902e+00 2.055271319444929912e+00
2.396636403832680173e+00 2.313594473133529839e+00
2.016286718831400204e+00 2.575453227013320134e+00
2.017527329367080124e+00 1.630179464092109898e+00
2.097361401796329794e+00 1.913555323031340016e+00
1.594821657624329925e+00 1.606015101702779946e+00
1.279797440012000020e+00 1.928790143017369951e+00
9.480765816805070134e-01 6.549491224976630166e-01
1.416646775731110086e+00 2.292334334862689893e+00
9.890972452313739893e-01 7.977984642276190197e-01
9.836035840084369486e-01 6.114436344809489610e-01
1.526664915077589946e+00 2.790263858978700107e+00
1.359536861720769929e+00 1.232683354186830060e+00
2.351736348683969968e+00 2.079144089896039826e+00
1.475661229214239922e+00 2.815265515003389840e+00
2.466793199985790164e+00 2.235812503786999805e+00
1.687761402104440034e+00 2.597801601563920038e+00
1.252576526502799936e+00 9.530945279255329528e-01
2.455217251648079912e+00 2.216442989148129872e+00
1.480894339292120110e+00 1.398403359905149967e+00
1.219308161825829906e+00 8.665959330537089667e-01
9.471639147647069601e-01 5.401363953308430110e-01
1.747317056201389995e+00 2.249280203473199791e+00
9.825854519605730086e-01 6.326586497368329454e-01
1.712404026039660021e+00 1.658153947295009978e+00
1.899699435784170110e+00 2.573853325426000094e+00
1.143785637797900101e+00 8.234882207015189470e-01
1.307481067310759970e+00 1.247254320739850098e+00
2.285469678498030177e+00 2.384552126001569849e+00
1.363827197027660088e+00 1.761530377351059995e+00
2.070805286039330007e+00 2.035584159404129956e+00
2.223215364627479929e+00 2.346792829282390080e+00
1.863097544184389998e+00 1.544897734474030004e+00
9.247851971291860540e-01 5.415811488132999951e-01
1.151475402381930024e+00 8.635776697960050319e-01
1.596450750027569976e+00 2.244394306233270076e+00
1.338301950293399933e+00 1.016701699997409891e+00
1.678055894350729993e+00 2.142025182533910055e+00
9.507799819404080255e-01 5.344025159290719529e-01
2.094059860288730146e+00 1.838946307257560031e+00
1.472878914031920061e+00 1.015968507970089973e+00
1.458805002262340000e+00 9.960612997180959827e-01
1.586434818641599964e+00 2.492246126601239897e+00
2.242866432716779990e+00 2.355067697150159844e+00
1.779116566776689945e+00 1.975485921879079898e+00
2.301095415476880124e+00 1.967067020004370059e+00
1.418957455901820097e+00 2.071523311185199834e+00
1.038499770354200047e+00 6.870800419612750343e-01
2.170341609329720090e+00 1.831830674753680110e+00
1.840304352942639943e+00 2.671473034373339939e+00
1.625525637469130036e+00 2.780333206867290130e+00
1.441000969081440042e+00 2.276290578290459887e+00
1.070840826816680025e+00 9.918202357895300469e-01
1.856355844380110032e+00 2.536552661338760117e+00
9.415680444079359557e-01 5.395887085485200352e-01
1.393634100524790087e+00 9.552073082363069512e-01
1.074330854520290091e+00 1.080834392724620008e+00
2.264038732509539908e+00 2.243735950650989963e+00
1.839401726621199940e+00 1.964910135146159975e+00
2.447248701100499968e+00 1.939060341123109987e+00
1.091023812825490102e+00 1.125773134607950032e+00
1.706614745591259918e+00 1.962940593898349961e+00
9.037755320232669920e-01 4.689200762031239811e-01
1.458264653272770106e+00 2.739732224940639949e+00
1.207320588953789908e+00 1.653059868571530089e+00
1.143419449740040061e+00 8.073700262354359669e-01
1.049429615922810033e+00 9.878681408715600520e-01
1.198839722955000076e+00 8.178908323255760227e-01
1.542776159645979916e+00 1.139195245529909917e+00
1.071616376112549895e+00 6.268316185042569488e-01
9.842639680795639556e-01 5.985191945233769850e-01
1.595091341308209953e+00 1.456452937821449911e+00
1.594105352287509936e+00 1.879673410118690047e+00
1.354490851579210009e+00 9.271894056105379756e-01
1.393063066043320086e+00 1.312263394328119892e+00
1.991589920741609898e+00 1.758615696480970048e+00
2.153118924646610033e+00 1.842601666014290096e+00
1.537446602438830023e+00 1.172125044385099901e+00
1.139650446916429916e+00 7.024856124981070371e-01
1.659133815866520090e+00 1.851021037475929942e+00
1.164550764897090085e+00 1.139688085592039934e+00
1.275313697758930109e+00 1.285956562124360048e+00
2.457555812708350107e+00 2.061733209460789862e+00
1.766560698422829923e+00 2.328695844659100178e+00
1.729691356936770008e+00 1.886290847145019933e+00
1.221996845251750008e+00 1.482156102058199920e+00
1.472711064592389985e+00 2.137438131913349970e+00
1.685258680336130022e+00 2.718301110051669855e+00
1.214162134256580039e+00 1.012731279028769915e+00
1.934444421626390076e+00 2.497064075263319971e+00
1.319301273150750076e+00 1.498506206252820050e+00
1.499593099741030056e+00 1.817509627034870068e+00
1.558101367189989928e+00 1.633820346717760108e+00
1.018243809306099923e+00 6.141573019201950201e-01
