-8.688777443021540314e-01 6.388623996261509619e-02
-1.128754076734189926e+00 1.834997326957010094e-02
-8.758825454860930115e-01 5.202575786231389970e-02
7.116958681494000016e-01 -6.094919039651700010e-02
-1.807668887078759945e-01 6.393380814217890229e-02
2.353550489991899919e-01 1.479563131404089960e-01
1.058256916701789896e+00 -1.558103100001509977e-01
7.483575448393819940e-01 -3.676203081351500090e-01
-7.241842143237590124e-01 -1.146818838268460067e-01
-1.000385456532240092e+00 4.599286877047920052e-02
2.963337086141110133e-01 1.798040923631570032e-01
-7.531113959848889650e-02 -2.683267020969180017e-01
3.738219849765300057e-02 -1.600492518326739888e-01
-4.084455236792560173e-01 -1.472113785190700130e-01
1.099885965138670096e+00 5.654465621050830393e-01
-2.233258914202450041e-01 3.949439187789949984e-02
-6.586111664772029695e-01 -6.467847138164760368e-02
-1.173615384846929954e+00 4.262613223955060392e-03
1.138604398816819963e+00 -6.289973433494410182e-01
-2.241074971854689901e-01 -2.378000099829090108e-01
6.581346776336429727e-01 -1.535090853386170129e-01
-4.154869951307770259e-01 1.784921980189460022e-01
4.973649825900789967e-01 5.633416510047779650e-03
-7.571904771029959458e-02 -1.714601722307159959e-01
9.187570028007030487e-02 3.084045499403039736e-01
2.835927005857230010e-01 -2.131538650968670123e-02
-1.092316969111559954e+00 -2.614810546817869855e-02
1.774506658315659902e-01 -2.708924055451290003e-01
3.971741706132890237e-01 3.618789377780760042e-01
-6.495539836585519922e-01 7.516353534870359732e-02
-4.870042204856430096e-04 -2.954012304130769762e-01
-8.806644592434169638e-01 -4.211748421956130334e-02
-1.168229817599059972e+00 -3.061385837421419878e-04
1.886604454368349948e-01 1.444614172317300049e-01
8.388228490948669569e-02 3.240430687133529775e-01
-1.146247465163470064e-01 1.904545384876880076e-01
7.290008772164580098e-01 1.532390934739210064e-01
5.666739989072080430e-01 3.930467423771820124e-01
-2.447617761790740060e-02 -2.853901541368589756e-01
9.874391477555040098e-01 -6.027846986335910068e-02
2.223145924508569959e-01 -1.275224319083589908e-01
-1.154022487252950091e+00 1.315022495630070037e-02
-6.323287859559060253e-01 -4.965719818385710277e-02
-7.880920104682449523e-01 1.416791340792140051e-02
1.162253478169440024e+00 2.328154827121179937e-01
-6.422454290091990092e-01 1.368003251040479928e-01
9.948804505169389634e-01 8.546261733258479765e-02
-7.262857116758819620e-01 -3.362808076676809810e-02
-1.188475741446020084e+00 1.406574956793980044e-03
-1.939077414572240032e-01 4.844263844682709930e-02
-6.188177917152639651e-01 1.640937727655580047e-01
-1.239520043134690053e-01 -1.649798816780019897e-02
-1.140955237671730016e+00 -5.119046161304039496e-04
3.485896848142149840e-01 1.342800666339420135e-01
-1.795751206576819969e-01 2.757583672023790067e-01
-3.877594538033010130e-01 -2.179106787525940114e-01
-1.583510823547840118e-01 5.035513542527649683e-02
3.194290738552810205e-01 -5.908445179489509730e-02
-6.250278051942590452e-01 -6.082832161015270384e-03
-8.285411462187769471e-01 -4.560043674343870063e-02
6.639665175229310101e-01 -3.330560556782179993e-01
-3.898651421070100098e-01 -9.386162765594030510e-02
-9.865346554666759582e-01 4.867261964632579874e-02
-2.199968732893479995e-02 -4.380268070370550021e-02
9.987885888665910539e-01 5.715917430630149676e-01
-3.723271641880270266e-01 -1.867730723060190001e-01
-3.046066638082269851e-01 -7.256975351053880641e-02
-6.885100342333320134e-01 1.293888855999099918e-01
-9.177863225340840425e-02 1.874380207089670070e-01
-6.528879906982180126e-01 -3.945435111235930103e-02
-6.962300799787039807e-02 2.956256368005230062e-01
-3.716401565819980046e-01 2.161801350009170120e-01
7.400617830455300528e-01 -4.760897890790229958e-01
-1.036384094506500042e-01 1.505471501742859930e-01
1.028676604852079901e+00 -3.522895903018909980e-01
3.892211940139529980e-01 -3.017056061424119862e-01
3.042113821953539854e-01 3.311943773744470132e-01
-1.067872713133690032e+00 -1.772780229144600012e-02
-9.253656964749099600e-01 -4.265472418605779914e-02
9.083162248134609706e-01 -1.735107674262469923e-01
-7.477542869746689469e-01 -1.250795916908860050e-01
-7.444995414465660488e-01 9.066855872295739860e-02
-4.905891928821800030e-01 1.893135063672999885e-01
4.772114440798759794e-01 -1.288292205362910059e-01
9.127292163670059910e-01 -2.958053224027529793e-01
1.407487079501149874e-01 -2.803689865702930217e-01
9.009961903095240476e-01 -5.026701797755319667e-01
2.820947214961049831e-01 4.320290489507029874e-01
8.911494277417659760e-01 -4.451803988581939930e-01
-8.273719780147079650e-01 -3.803747480772199947e-03
1.436876200139519943e-01 1.873907056772800006e-01
-1.181595755740999953e+00 4.233589979801810274e-03
-9.178613506257530252e-01 4.967631000686700132e-02
7.162589505314830018e-02 -3.126838711230590095e-01
3.072527825832370163e-01 -3.023817852951760088e-01
8.644033446907990470e-01 4.268310676182600072e-01
-9.004864733666180232e-01 -5.702402778676490119e-03
-7.459699854254719931e-01 9.359659272070110572e-03
1.080135455355049956e+00 1.348791309064180099e-01
5.069591850042299598e-03 -3.601231007720119837e-01
-2.131873033940799925e-02 -2.074159582113989930e-01
-7.059469800442460530e-01 9.252504681708499656e-02
-1.038096997886899936e-01 1.928862757871889835e-02
-2.522348988801240144e-01 -2.160757671070570041e-01
-5.429859492927789910e-01 -1.913298208398540035e-01
-7.435569383203980420e-01 -1.842418486987679876e-02
7.623073495924469478e-01 4.413425249146150087e-01
2.487741619348529942e-01 1.258082801460040090e-01
1.127882357686760040e+00 6.511109413448840089e-01
-2.635214623063800166e-01 -2.353393167595020097e-01
-9.586565662175420277e-01 -5.677040317453169865e-02
-2.160392973572020092e-01 5.597187095042110289e-02
1.014667456224559894e+00 -4.894669217711339892e-01
2.405418522655959901e-01 4.274528124870859980e-01
-1.968687571585180096e-01 2.073488044972529865e-01
1.332768056541679957e-01 2.610832851721779924e-01
6.384620312601330117e-01 1.063429759502620003e-01
6.990790218114849575e-01 -4.647357585429859883e-01
2.066763918846850068e-01 2.848974803057010008e-01
6.450789514929059498e-01 4.806210091710120258e-01
-7.096849601715800038e-01 3.982317092914049866e-02
2.284727230668069931e-01 -2.104577324972820018e-02
7.259024340659380181e-01 5.018056358669940042e-01
-9.341891359537839445e-01 -7.762068996682890305e-03
4.332418777048600150e-02 2.951756024536409950e-01
4.917348660528659821e-01 -4.280482579340870175e-01
9.527920268476010035e-01 4.174328728835560165e-01
-1.087835738807920061e+00 -1.549584806188169942e-03
2.388862185180199924e-02 2.129801925894040104e-01
-1.033157822862269981e+00 -1.182608804589659925e-02
1.152629146724940101e+00 -3.304929794030179724e-01
-6.475558988749989531e-02 -3.255853592896050253e-01
7.717141471803190544e-01 2.956028798793650103e-01
-1.059061872214080102e+00 4.041805306394689878e-02
3.584605693817140004e-01 2.520037733085430109e-01
1.197777855768799915e+00 -8.845362249876979888e-02
-8.296237997710700363e-01 4.748224234379790076e-02
2.320591885596509918e-01 7.833124937769310459e-02
4.594953708350659749e-01 -1.913769008214550038e-01
-8.907310880720620272e-01 5.277714128539739979e-02
5.454840347170829551e-01 -2.173775621926310117e-02
3.618297670036549896e-01 -1.277161874762380023e-01
9.354091845452779941e-01 -5.220107235562659875e-01
1.002201509848239969e+00 4.408770280552870013e-01
-2.677705753594640248e-01 -9.789638823316719474e-02
9.730856247246270074e-01 5.704956887654150099e-01
-3.717476852238180141e-01 -1.580593388950680134e-01
9.601749155670400437e-01 3.230695012040189773e-02
-1.575016446411610094e-01 1.820897328738179874e-02
6.492064677178860377e-01 3.759054916142099967e-01
4.642608292400839942e-01 1.796445005421029861e-01
-8.405476894229649831e-01 -6.155740505529459783e-02
-2.188451573252679916e-01 2.623236466466800088e-01
6.211597435176370308e-01 -7.656904353546220565e-02
6.584720425307749592e-01 2.507233777365819871e-01
1.787857934832580084e-02 1.477568771622969901e-01
1.113381621614099926e+00 -1.128163501116510037e-01
-9.823662936687460601e-02 3.772957073012329909e-02
6.035948742181059812e-01 -8.158331507617859468e-02
-1.728758711367849865e-01 2.247455035626040043e-01
5.896505054086450537e-01 2.935288156735220144e-01
7.736894197762009817e-01 9.774382284108540375e-02
5.595627117902040037e-01 -4.528626894291140070e-01
-1.024497888609769980e+00 -4.984314767697029663e-02
-9.619330264627929949e-01 -4.811178179525389675e-02
5.991366170346749953e-02 -3.247672797690669966e-01
1.073914964497090008e+00 -6.316787403889539965e-01
-1.099752771109339999e+00 -2.869133959989799906e-02
-2.443652518093590020e-01 -1.545212843961299987e-01
-8.260941892862320168e-01 -1.542701796937080011e-02
6.331012275069950457e-01 -4.892798968554439853e-01
7.233661986887449658e-01 -3.771161346217259958e-01
-6.542178064584730501e-01 -1.417217443959289946e-01
6.921999547630549587e-01 4.752518049208629969e-01
-1.171621549129489903e+00 3.949031723594769588e-03
-2.038447670638569853e-02 1.763847322122610028e-01
-1.178206958994270082e+00 1.501760379964589944e-03
6.874275773763659503e-01 -2.214077247659429915e-03
3.371237050741909824e-01 -1.390623474271669990e-01
-4.631754554808140134e-01 1.860713152858810004e-01
-4.207110732793810093e-01 -9.565820434579870579e-02
-1.079144395887849939e+00 -1.147707485250169974e-02
-3.194784108549360013e-01 -1.482895979243800122e-01
-1.140550387278199906e+00 -6.396161833077259988e-03
5.643641196191310216e-01 2.063301419804499937e-01
-5.518396072089669646e-01 -1.893071183715739902e-01
-7.691576231271030073e-01 -8.963336636671810631e-02
9.435955155640840530e-01 -1.019028536537579938e-01
8.962118301540610288e-01 1.217091006557210059e-01
9.552452456206079745e-01 -6.428773209204440287e-01
-1.103756310045719946e+00 2.809588658633660127e-02
6.971739638596770039e-01 2.859161808343950173e-01
-1.112870582565669952e+00 -1.777179815235559873e-02
1.096449460834260092e+00 4.742777920918549994e-01
3.671445664018390120e-01 7.786349163303570020e-02
-5.805046923458579977e-01 -8.399727719354220523e-02
-2.345774833112949931e-01 1.583885556675949935e-01
-8.811620011925700435e-01 5.661354868803909757e-02
-4.542701873928309819e-01 -9.676472134865850283e-02
6.010250944644209836e-01 -7.709433865773769601e-02
-1.490112226456400124e-01 3.069909891996979723e-01
3.176230352371929855e-01 2.619284976951150035e-01
-1.033613325655460047e+00 -3.074671789843290079e-02
-7.123581178486350085e-01 1.215590189188419934e-01
-6.523211024701599525e-01 -4.939583478584529813e-02
-9.761723577976230137e-01 -7.208131589695620026e-03
-2.063587658107280121e-01 -6.751027200206839718e-02
-4.250167295336719775e-01 -1.658788155920850049e-01
7.977498382329939464e-01 -5.086536704090790506e-01
-3.426456827670339989e-01 2.473502449642679957e-01
1.154381670802830051e+00 5.459788071675120147e-02
-9.892439424991610331e-01 5.148033181264959762e-02
6.485302649438380307e-01 -4.398682307897739951e-01
1.117198225110769938e+00 -4.920642427617910042e-01
-8.746782682836059530e-01 -5.836698824889500342e-02
8.144918125122779795e-01 -2.196256086521959916e-01
2.128489974886179914e-01 -3.697737187943450077e-01
-6.491592530161139907e-01 -2.693767044084690015e-03
3.607550337910649801e-02 -2.716291473211300267e-01
9.624040927737950168e-01 -4.726992788625580255e-01
-7.706652693450449787e-01 2.456025183051870064e-02
1.002580061182380078e+00 -2.031575604192829843e-02
-8.853495441377160491e-01 -5.489538208966000289e-03
7.090505238622429873e-01 4.830706750295850060e-01
3.326797306537629950e-01 -2.497328838842370058e-01
-4.447201140224930072e-01 -1.531236437087880042e-01
-4.446435905992979915e-02 -2.635989637191940016e-01
5.491751208901399922e-02 -3.141574613147830042e-01
-1.133126171305780083e+00 -7.549396772053570265e-03
-5.792191945016379462e-01 -8.333937786538660186e-02
1.089226391538979932e+00 -3.273705273096350066e-01
4.684639725834129909e-01 -3.862492981529789815e-01
7.224948551505799843e-01 -4.945399033675749734e-01
7.627598527818919560e-01 -5.373736829777490120e-01
-4.000546753406519773e-01 2.162007847774859992e-01
-7.252419266849760016e-01 5.447159548195369683e-02
-1.631296075880530050e-01 -2.383004533351540111e-01
4.136801473796369866e-01 -3.136605378607060235e-02
-1.150320490077139990e+00 1.196684582367829944e-02
1.142193160951139985e+00 -4.447388951390600087e-01
2.538565613329409887e-01 -2.299864050796709969e-01
-4.359566275030369864e-01 1.470163385677849925e-02
-6.620177999138830358e-03 -2.581645406556439815e-01
5.282434780150649933e-01 2.541159627803439847e-01
-5.877391096204519494e-01 4.114230936668440003e-02
7.434599887579680377e-01 4.528486556380499906e-01
1.015826247632500012e-01 2.925907569785570206e-01
-2.047199919819830127e-01 2.167477375586059907e-01
6.205282263457769787e-01 -5.380050312555260117e-01
-1.119798816740509989e-01 -1.212769189036120021e-01
-8.157524138689039583e-01 8.157414020753239736e-02
-5.794266656041140440e-01 1.203968194118869989e-01
-1.162133144214750002e+00 -7.305979288325560247e-03
1.121766693145040072e+00 -5.033416873871570107e-01
6.714508887380360447e-01 1.287098144035919989e-01
-1.166285430639979914e+00 -8.085027683895629202e-03
-1.020666468143460071e+00 3.849713992305740101e-02
4.888138186186550271e-01 1.240698641586349960e-01
-2.489117011427879889e-01 -6.157194987443089657e-02
-1.034218554943800106e+00 4.512356893819079867e-02
9.936364453285929654e-01 4.649159107857779860e-01
-6.017846480011940224e-01 -8.892086472665179653e-02
5.901732958853249666e-01 -7.044423454438139554e-02
-6.561668571084739998e-01 -2.669719947567500071e-02
-2.757289420813319736e-01 5.168469964998070182e-02
9.506456762552260020e-01 3.773832878523289969e-01
7.938595645129680189e-01 3.976336051209379829e-01
8.191000934690240154e-01 1.086713669150420059e-01
-8.758262950927020452e-01 -6.585095148224319461e-02
-3.444173589348790143e-01 3.795687085135499711e-02
-7.125109579414129479e-01 1.009508996260739949e-01
-5.956059135496619694e-01 7.768836328003569935e-03
1.436875160783530059e-01 1.868038875200999926e-01
6.591699298471209723e-01 1.250410255438419993e-01
-8.857079632580290574e-02 -1.693165557381809960e-01
-8.000644929707050323e-01 5.159865634228789910e-02
-1.535202227532870070e-02 3.490479050459540100e-01
1.040948970615859892e+00 -4.317374867887139867e-01
7.657792802900079687e-01 -3.674143602690930210e-01
1.137534943968059986e+00 8.755328584461789798e-02
4.510523032397030230e-01 -3.153206637065639750e-01
6.868344292044640254e-01 -1.762933530783379887e-01
-5.405061442404980321e-01 -4.727929407349740210e-02
-3.936163790524009887e-01 -2.238674996748939994e-01
1.022764676436779929e+00 4.478505557413159921e-01
-2.627380561083559884e-01 3.784155770782819672e-02
-9.769833460450169649e-02 -1.146121108574630065e-01
1.150702380761499999e+00 3.848874678148089812e-01
1.039704891666769937e+00 -4.472031543722840286e-02
-7.453052971512079683e-01 -8.481484653754030323e-02
-1.339969139546159926e-01 -2.361528608894659931e-01
-1.094341926276680033e+00 2.628894100160879960e-02
-9.022478722035880416e-01 -6.550441076335659918e-02
-1.121263179928059905e+00 -5.319940551290179738e-03
8.656450878828769735e-01 5.009613487393500125e-02
8.170527778565880306e-01 -2.995054998185460171e-01
-8.634998548775909555e-01 -3.538155562405399888e-03
1.126251063868400015e+00 5.911506525305480070e-02
-3.912679173052310277e-01 -8.063022496455300031e-03
-6.601277332752939486e-01 5.846696076361589806e-02
-9.577307403087620408e-01 1.329146855523679997e-02
-5.118042066693310188e-01 -5.046128655074730296e-02
1.723571307957169896e-01 2.164215303004200005e-03
4.189626161009070149e-01 -3.857118610805190112e-02
-8.822500325739379701e-01 -6.166692643407879759e-02
-7.897852241992949773e-01 4.919911858683340133e-02
-1.008257948979740082e+00 2.917609351977050111e-02
8.309412784874440350e-01 1.527442136479000012e-02
-7.877354107797149840e-01 -1.101824265587170032e-01
-1.051888789236550048e+00 -2.572986248931730113e-02
-4.404195070266719858e-01 -1.007675913293289982e-01
-2.119029879570009933e-01 3.618637020328899917e-02
-3.570256881415839745e-01 -1.118487817897410030e-01
7.536925759166479555e-01 5.428272343604449712e-02
7.084909211844210297e-01 -5.692421121251910465e-01
2.684725373983390048e-02 6.687301028203809609e-03
-7.534974832087759644e-01 8.570651571166069960e-02
-3.315402310341600267e-01 1.309949553581820081e-01
3.993434987962249938e-01 -4.133516126873790220e-01
8.693688478320840129e-01 1.460155499297960124e-01
-1.163588844984769999e+00 1.058001320614620003e-02
8.840941853821280283e-01 2.974992490493539865e-01
-9.705941610038280043e-01 1.372867974303669915e-03
-8.773268815129999787e-01 2.961372359922069888e-02
-4.673343323171140207e-01 1.303929630366119918e-01
6.088477313518519951e-01 -3.148141260761089799e-01
-4.453685525804759737e-01 5.485089335360539969e-02
1.123230546712870037e-01 -3.236221031257660030e-01
6.093326311558480146e-01 1.146872610942309967e-01
-1.052430924028159964e+00 -7.619691858086879814e-03
-9.007431574165819521e-01 3.065554482783940105e-02
1.163068354502319934e+00 -1.832248680781259909e-01
1.528959788382049934e-01 -2.290700060392809878e-01
2.713777273893360209e-01 3.845724321888340236e-01
9.108984734863040389e-01 -6.825568868166979886e-02
5.894266158342359452e-01 -3.162156924300060235e-01
-8.961958363652229587e-02 2.675091052104749956e-01
1.143054022639989897e+00 -4.047761441961090223e-01
-4.261170856654640238e-01 -2.899211554853229830e-02
-9.747115407139059773e-01 2.383196978748439859e-02
4.632996283471579879e-01 4.477879735286949825e-01
4.977577898651360244e-01 -2.482174730067399915e-01
-9.428366862237449464e-01 6.067875427435780178e-02
1.126439356058839936e+00 5.038343468084469645e-01
1.092134039103979992e+00 1.700838862858350120e-01
-1.061223905906079956e+00 2.809572406448630072e-02
1.526814423501489937e-01 1.748381901788620130e-01
-9.765337474644180116e-01 5.571617668265810286e-02
1.574795465916390136e-01 -1.497468981835670121e-01
-8.555966913700109588e-02 -1.118202859526479936e-01
9.027590319514280370e-01 -6.777903927789720451e-02
2.140706989914180070e-01 1.011940862197559937e-01
-1.012791452184319985e+00 -5.550431085490629968e-02
-1.621224582195290170e-02 3.316954743521949855e-01
-4.196925099939110004e-01 -3.355504821662030207e-02
1.038674981519579932e+00 -3.299628276541279881e-01
7.292840816080570221e-01 1.338801054111249944e-01
-4.022540118545290255e-01 2.329996726337539917e-02
3.450766034424300188e-01 -4.239357431979060009e-01
4.847107697278260074e-01 3.933462704101129970e-01
3.934524726122620164e-01 3.010508419282419967e-01
5.804135374724870289e-01 -4.405018013567310042e-01
1.154703111201520027e+00 4.092523408467009793e-01
1.167457826435569945e+00 -5.541582925584459529e-01
5.307954389601949874e-01 1.207040076529320022e-01
-1.183989728987220102e+00 -3.663850308928569971e-03
-7.070006702095269491e-01 -1.975206173041859845e-02
-6.957549847662449771e-01 -9.505333943394379814e-02
-8.985089577734469701e-01 -3.316785406535739666e-02
8.638725265860559555e-01 -4.614971260921770235e-01
9.231324456632139519e-01 -4.845885912452360111e-01
-1.072032585740090083e+00 -2.724642298018059919e-02
-3.762130569666620183e-01 2.033019693320589905e-01
-3.535003624856480203e-02 3.121115984720170267e-01
-5.382768653333189768e-01 1.953290099066850027e-01
-1.078927073255179891e+00 2.641450303114119963e-02
7.453270822763440329e-01 5.409405266579340177e-01
6.083378635346889940e-01 1.512161866486819994e-01
9.159540429711340304e-01 4.441476274760550180e-01
-5.608442567288870473e-01 1.742629625747559863e-01
6.143606934696439481e-01 3.448144159940310094e-01
-1.097692759707570076e+00 -3.125783008226590016e-03
3.895642429590219780e-01 8.195946317830110628e-02
7.404341474175449855e-01 2.312661966068519925e-01
-1.184885763376950063e+00 3.117216994172009818e-03
5.555287163704629716e-01 3.384438944821109851e-01
7.143153805285690217e-01 3.343426111065659900e-01
8.311421524733300092e-01 5.109198518202939798e-01
3.414719436317680268e-01 2.770675130533590269e-01
-2.933404963463550064e-01 -1.300410387450620098e-01
7.720399115234609644e-01 -5.547306815422560211e-01
9.049254789948459887e-01 1.486824318956919966e-01
-9.176092676818370375e-01 9.957117047756879752e-03
-7.359895303845409575e-01 -2.042035161506650098e-02
6.042687501758340352e-01 -3.857083071779059957e-01
-4.938330609351400113e-01 -1.151492777248479954e-01
8.408018890768289566e-01 8.028804716380670559e-02
4.509020559489720220e-02 -1.770844555465050096e-01
1.665621064603330093e-02 -2.612946084600120122e-01
2.096709698438639913e-01 2.607895514525749858e-01
