2.688694528950720253e-01 1.834588266033919890e+00
4.248529046979490076e-01 1.286072770994169945e+00
-2.715602785708070011e-01 1.451191067351379926e+00
6.061374633621280372e-01 2.120068906203000036e+00
9.241090312755609326e-02 1.481571750099299978e+00
-4.470933571711310228e-01 1.051622152166709956e+00
4.729875491437899870e-01 2.018829134040499795e+00
-7.312055233025049894e-01 1.106351422902549952e+00
-3.855780453706019739e-01 1.494796000738739972e+00
-1.031200074225730040e-01 1.610982921047170002e+00
4.266521392531190116e-01 1.301524927793580089e+00
-4.187324335994759839e-01 1.549400409891809938e+00
5.858657999701100128e-01 1.509316865364880078e+00
4.011108146884079795e-01 1.490620502009659898e+00
-2.581438341113119761e-01 1.275647952899040094e+00
2.346894266228929937e-01 1.493297818942409982e+00
-3.056373431319279743e-01 1.097926992737239926e+00
4.322769197495329729e-01 1.941393616732909999e+00
6.901871387855349482e-01 1.567103683427889971e+00
3.992755696282589972e-01 2.035706094549929901e+00
1.437390023467770006e-01 1.579470268987569925e+00
9.602605599555279481e-01 1.983301358370360035e+00
4.065334425412039931e-01 1.718332170206890108e+00
-3.767609468449270027e-01 1.168055743982820083e+00
1.806359830165850042e-02 1.892361445967160050e+00
-8.688295628393679637e-01 1.017437380751970100e+00
2.140588500839359920e-01 1.651315144765119980e+00
5.066493951495060211e-01 2.485528118686049837e+00
2.959549470141780159e-01 1.529125830122360030e+00
6.375982418775000271e-01 1.507957317512609974e+00
-3.042601382209980110e-01 1.453576739832810105e+00
-7.755055412202270515e-02 1.232968910041710053e+00
-6.764546747499049495e-01 1.035398685424979925e+00
8.087361119516270347e-02 1.229576825753889935e+00
2.223801545035110072e-01 1.724884031111360017e+00
8.014444997708489726e-01 1.611444740787010055e+00
-8.591044651758690254e-01 9.945383174445919794e-01
1.246593595174400049e+00 1.477812848575480009e+00
3.880099657398090041e-01 1.517605002370040035e+00
-7.233603263551979801e-01 1.049567796839609990e+00
-3.381296242083520198e-01 1.259978344379830029e+00
5.654926613468840291e-01 1.915404491142439936e+00
-3.908298896394519772e-01 1.213303812934720005e+00
-2.812657489866089988e-01 1.311435656407639927e+00
1.077543384740059951e+00 1.963213506351300097e+00
-3.007045475954059910e-01 1.370841527236120072e+00
8.065276137221799591e-01 2.262777852010100066e+00
-8.926320622626789936e-01 1.009560566382690094e+00
-3.554231216991480258e-01 1.274236355341070048e+00
-9.343967874622280401e-02 1.742478029712650089e+00
-7.672850226812409913e-01 1.141491665421719981e+00
-1.625831137735170018e-01 1.212609673149859901e+00
7.576180361364119598e-02 1.762391075483600078e+00
1.048974359992959959e+00 1.417978832543989931e+00
3.040722978678350175e-01 2.234930476602249971e+00
-2.717452548442370053e-01 1.561794220891939977e+00
-4.946348139018990064e-01 1.132899850270550068e+00
5.281782614796319830e-01 1.434435575522230000e+00
-7.742082153919449539e-01 9.627509313341130470e-01
9.612337128884279602e-01 1.658829392807420033e+00
-8.807676016982569633e-01 9.746347115384129678e-01
-2.501547513983150006e-01 1.292946894647500011e+00
3.165922760654180101e-01 2.290363895627140156e+00
-8.467579577994399642e-01 9.891231501109769564e-01
-6.904695530739329845e-01 1.090586083764730096e+00
6.187288592785959995e-01 2.542144548798840109e+00
-7.290756588671859495e-02 1.596911339925950024e+00
-3.108741147684799810e-01 1.479324973617230032e+00
-1.004665462859769987e+00 9.271636675957229956e-01
-1.977770086282210071e-01 1.313034239177470086e+00
5.750878903782179474e-01 1.534561091110449915e+00
7.808507845382169771e-03 1.944124815793959904e+00
-1.994021721193000030e-01 1.232702930650249940e+00
4.452165752880120064e-01 1.909262320717509898e+00
-6.599029213481100165e-01 9.981103912289680524e-01
9.644683923773920142e-01 2.065990045779639850e+00
-5.174409539738450414e-01 1.307039904634690108e+00
1.111921706231890017e+00 1.948786978500540057e+00
1.368100196813749891e-01 1.200931399226589980e+00
9.308770018440940541e-01 1.387198494361810086e+00
-6.902449065090520142e-01 1.236550969792550081e+00
-3.454248578627119870e-01 1.231760453058889926e+00
-1.785636607755179961e-01 1.703149302594529901e+00
5.077985107412279486e-01 2.305010409121659887e+00
-6.701896581807780251e-01 1.282656148266829943e+00
2.224064110130939964e-01 2.053636602658639898e+00
2.154179264255909887e-01 1.606680261181999914e+00
-8.259879993055750658e-02 1.344290491947339961e+00
-4.374624245513379917e-01 1.204691251023709997e+00
-8.813595521884040052e-01 9.438759724791010441e-01
-1.001665463074780105e+00 9.195941043936759485e-01
-2.539743607936539860e-01 1.131833167385309924e+00
4.703985524785430083e-01 2.023886020948860054e+00
4.498165258475579908e-01 1.625913298078889957e+00
-2.064598127057110100e-01 1.754061005856329958e+00
-2.023169045812049996e-02 1.155351006878690079e+00
-4.108122806472649935e-01 1.182214014221109943e+00
-7.025872380744889456e-02 1.129754842471490051e+00
-2.056349017565900147e-02 1.412212513664649949e+00
2.588606049093590267e-01 1.710239267962170073e+00
4.822255949074010228e-01 1.734876058691060097e+00
7.222639991767679790e-01 1.563805122553270088e+00
1.592802843917519862e-01 1.473406497760390010e+00
-4.143035446614199979e-01 1.556867004536969912e+00
-3.949174347196430235e-01 1.503268309003529923e+00
-7.764498846092769968e-01 9.838080214545470437e-01
-3.154785779159299808e-01 1.631013208681169946e+00
-5.159894178758850369e-01 1.262801858381300102e+00
2.986569932452530149e-02 1.187967609136260094e+00
-6.428683950279300285e-01 1.083218022937890046e+00
-3.009276557944219870e-03 1.920019212092789918e+00
-7.659585513982990479e-01 1.059989559270390069e+00
-2.119158510571789999e-01 1.182955173966850015e+00
-1.143079157603589940e-01 1.522378582285089932e+00
-8.342030937384179445e-01 9.810584960344940209e-01
-9.069676258214940390e-01 9.368235199960239790e-01
1.871199375461899891e-02 2.020072287686260015e+00
-6.190542761141559769e-01 1.218571503517640098e+00
6.348155967289590418e-01 1.755306994817060096e+00
2.993837310473310143e-02 1.838648237476139924e+00
5.803801561257949659e-01 2.608011165622759808e+00
6.180213147737009631e-03 1.387582272826469953e+00
9.628068613902499573e-01 2.228543373784110049e+00
-6.870034084506499994e-01 1.063131243181340002e+00
-1.715529830686640111e-01 1.191580721491539929e+00
1.746681829269629976e-02 1.652572746460299946e+00
-8.148416233294399902e-01 9.797786693137150449e-01
8.440304390193589801e-02 1.317458859882689959e+00
-4.715536380506269998e-01 1.318366844166080076e+00
-4.405878657867779991e-01 1.475280125126400055e+00
1.072366204838780090e+00 1.547133879039279902e+00
-2.696600084500869743e-01 1.152447706823469975e+00
8.749427004863550295e-01 1.820897019822949936e+00
-4.757105942176810265e-01 1.392436543308930075e+00
8.040123643065559822e-01 2.506787800556899981e+00
2.546336671898219994e-01 1.613292664493759965e+00
2.255206132343250125e-01 2.179356095872570176e+00
8.400634465932039774e-01 1.524825397360449974e+00
4.661264753119159776e-01 2.447475875091840170e+00
6.958031501923640505e-01 2.396904536943889941e+00
8.983989076556310183e-01 2.021062403083090153e+00
-7.149993071440520209e-01 1.221743849037109975e+00
4.801272285358400005e-01 1.994176121617829978e+00
7.335197186421660298e-01 2.435820783391049904e+00
4.928286774688599992e-01 1.629662853808210077e+00
1.302460703045459946e-02 1.737974544209559991e+00
-8.726622966889749922e-01 1.000342263845630075e+00
4.407531649264290197e-02 1.374770000241430035e+00
-7.573309819723770264e-01 1.010986338925859984e+00
-6.168114435618520242e-01 1.284987417404930055e+00
1.614614324939659881e-02 1.240885999934220107e+00
-2.518198504504109980e-02 1.727045234692629938e+00
8.969128995366060231e-02 1.458286584584300050e+00
8.946296481103439557e-01 1.613682066977780050e+00
-1.185518140458220043e-01 1.201162379263229996e+00
-2.514516419109100176e-01 1.270049883882709896e+00
-6.209164548113149662e-01 1.250094187959710057e+00
6.422796971331169447e-01 1.499560614866620067e+00
3.068694545782140182e-01 1.616771607224529950e+00
-6.823554232397800456e-01 1.007031138928430103e+00
-7.547775134019699683e-01 1.001120918434120100e+00
-3.670721523727040192e-01 1.168693541374320022e+00
4.979250449654670091e-02 1.201151178904309891e+00
-6.346001249684519729e-01 1.286679430773969957e+00
-5.413901297839710525e-01 1.418277402893320049e+00
-3.720192048816680086e-01 1.390151353320350003e+00
-9.964435974655939665e-01 9.418215405890819625e-01
-3.674226826959999803e-01 1.528472565453909970e+00
-7.139054911797869385e-02 1.532001965344699901e+00
1.586209706138860115e-02 1.223378013959780075e+00
-9.286702963093700358e-01 9.427609630097170124e-01
4.105512668009990151e-01 1.942756596044949990e+00
-9.138493998375419869e-01 1.007787970512270093e+00
-9.848435977452789647e-01 9.255662354613960474e-01
4.046606667721779904e-01 2.146064413070969845e+00
1.140678607735170047e+00 1.435353585731679926e+00
-4.656043039067119804e-01 1.076854213775009894e+00
-9.975611872876900543e-01 9.138356923900929907e-01
-7.356160106280540401e-01 1.091415369162219928e+00
-6.272759842003989839e-01 1.018723593204029942e+00
-3.723367437219720077e-01 1.275549014300779938e+00
1.116321227602689925e+00 1.749780721811549977e+00
-1.032406702121190012e+00 9.043373730572089597e-01
3.612127386360949877e-01 1.957111231703200005e+00
-6.763881568377989595e-01 1.266253842305230082e+00
7.473392558630009841e-01 2.151943673391309986e+00
-1.190352686640740038e-01 1.762833565296320071e+00
2.175564731479749936e-01 1.576406743193210058e+00
7.029036864913079663e-01 2.114383464521159883e+00
1.219871643010420059e-01 1.869980645378370054e+00
-2.136827900572340067e-01 1.568595835761720014e+00
5.035893792911799727e-01 2.101780418838540054e+00
7.738714927081139505e-01 1.658644601307099897e+00
8.247951570960759815e-01 1.912347827520459953e+00
-9.607971007348979908e-01 9.814818564317250305e-01
4.040636032193620220e-01 2.287923601271579788e+00
-8.583375790979179687e-01 1.014382389722960021e+00
1.356515088431740068e-01 2.105113360852179927e+00
8.942607756077389780e-01 1.642886937194280028e+00
6.509250285020079518e-01 1.773673321342809972e+00
3.137217379285929808e-01 2.324473246990129915e+00
3.454777942196989859e-01 1.727277933071450056e+00
8.358283369968959597e-01 1.871237719870650018e+00
-6.514130259741349738e-01 1.266960966290499924e+00
5.604684534425730114e-01 1.659017029652599895e+00
-2.394440159198779894e-01 1.628666251448090074e+00
-2.302656832387049990e-01 1.525337283315759906e+00
7.010383751622939474e-01 2.685184333949940161e+00
1.259766381081550035e+00 1.692654248111010062e+00
-2.059766598438060037e-01 1.322387443888560110e+00
-6.512280255482669755e-01 1.011658337374689909e+00
4.953936510392479842e-01 2.243950360075849915e+00
-6.936121415252950451e-01 1.210378763238999955e+00
-3.768524492790639724e-01 1.406814432938410020e+00
-7.431540544971679818e-01 9.998297292444460194e-01
-7.070013648665359751e-01 1.121546631451280085e+00
4.722569174819610249e-01 1.521042466974259932e+00
-5.468007094678230089e-03 1.577183618863170045e+00
-8.962173379104240167e-01 1.001192579563410012e+00
1.763977106207379950e-02 1.611991863704139938e+00
-5.547584239216479807e-01 1.121382657155920004e+00
-7.959727774839030490e-01 1.004532790127250053e+00
-4.503979575277620162e-01 1.298555073529680026e+00
3.428273931709749922e-01 1.721300429097450069e+00
-7.552872983959539877e-01 1.090086288878199916e+00
-3.557361581596710232e-01 1.238202748017890098e+00
-4.477558356040149956e-01 1.189670173910200024e+00
-2.478356574354959874e-01 1.547786201032230080e+00
-3.174916380729689847e-01 1.560506013882380083e+00
4.205072012305430262e-01 2.284571404656190019e+00
-3.862535214241359927e-01 1.482252393811430036e+00
-6.033279054519929963e-01 1.088975188375810088e+00
-4.667605436471489733e-01 1.421211941016830016e+00
1.834797750541820038e-01 1.578887645485780089e+00
-3.182870742033570011e-01 1.190438069302129920e+00
-9.431785584114920074e-01 9.295855654442870541e-01
3.309043280797090147e-02 1.374663250350339982e+00
-2.366605055960019910e-01 1.156118703645089951e+00
-1.453826275898119913e-01 1.832771154237879951e+00
1.482696310340169965e-01 1.854150747047520031e+00
4.324943447959709864e-01 2.062134528464480088e+00
8.182122822764860137e-01 2.422774326520969801e+00
3.273220686492109982e-04 1.535144228929669952e+00
8.599138442504099533e-01 1.369597344380240056e+00
-3.120134934381830205e-01 1.605580862311200008e+00
1.234478682071479955e-01 2.116259870814940047e+00
1.757298244028089873e-01 1.244058627011670026e+00
-3.102819388527510158e-01 1.315150806946010054e+00
4.257623051350299670e-02 1.195084663153590077e+00
-7.718410654499689716e-02 1.721452138915489982e+00
-1.538142057573660126e-01 1.488273993416499907e+00
8.395003221089789580e-01 2.231647399673020171e+00
-2.825076899960580201e-01 1.436735134334810038e+00
7.852406463444069895e-02 1.727037770905939906e+00
-8.455370548823569754e-01 9.718339517083319778e-01
1.663514723362609915e-01 2.173324896545940188e+00
3.842909200599020081e-01 1.787436056950989949e+00
-5.877893974975250124e-01 1.104051634307430030e+00
9.002121932690320127e-01 2.182738353841989998e+00
-7.265380938647120201e-01 1.145140679741670109e+00
6.964275464878759703e-01 2.082756160905229859e+00
-9.092118975643810330e-01 1.016616094711239926e+00
-4.146717561160749854e-01 1.446362163617840091e+00
1.269264259822099894e-01 1.177201357955449890e+00
2.663571716639849818e-01 1.506704554334219903e+00
-1.528025399667909956e-01 1.545660500799979964e+00
4.805166927332419902e-01 1.956366225408030068e+00
-7.513557269604880240e-01 1.002334089311599952e+00
-1.026453975373389893e+00 9.100688819805730079e-01
7.139262252941339648e-01 2.450627846473529825e+00
-1.668143364276550022e-01 1.632222596701180084e+00
-7.044649892718219952e-01 1.194042789087510048e+00
-8.531504344976850174e-01 1.043712719451880044e+00
2.945210800340640200e-01 2.265189723766920071e+00
7.992849080750760171e-01 2.512978380743140061e+00
-7.851804288194640380e-01 9.898060828252860377e-01
1.274035742764660029e+00 1.559671581542809937e+00
-1.016784843244459946e+00 9.228003440571269644e-01
-3.356473458738439830e-01 1.401401298825140085e+00
-5.272682078733160332e-02 1.517373198076289897e+00
8.458290651743319843e-01 1.697087161987399950e+00
4.118241414480640072e-01 2.119656401249350175e+00
9.795450136478820458e-01 1.944750060481190035e+00
-9.995190835148860531e-01 9.336903298498310244e-01
-6.179179913868469987e-01 1.109129979824770018e+00
4.143727132901319776e-01 1.263663994400969992e+00
2.034260674034399918e-01 1.684022215264640021e+00
1.054333605986100021e-02 1.476587597099719984e+00
5.174262174713629703e-01 2.346030523821720060e+00
5.208926581185769900e-01 2.458566639842219903e+00
-6.211387286923829576e-01 1.155018730882030109e+00
-8.974014435657510225e-01 1.014984546000180066e+00
2.432928964931259930e-01 1.758638101653809960e+00
1.238662785144859946e+00 1.694651482170709933e+00
1.060656502485809893e+00 1.759951382081829996e+00
-3.004514411637669857e-01 1.192957865958699903e+00
-4.119035632652400247e-01 1.416420448757180095e+00
3.921068866396359986e-01 1.799603710623409958e+00
1.124549654144070043e+00 1.529283576779540077e+00
-3.932610849277259901e-01 1.461825900181729976e+00
1.238412645402559908e+00 1.494556956511539969e+00
-4.553506230732200406e-03 1.897556294850170078e+00
7.675421564761410187e-02 1.233286712546340036e+00
4.960697082217749854e-01 1.717745754491539989e+00
-1.645106888597230033e-01 1.319384236345489958e+00
1.934788307453239875e-01 2.082332858227589956e+00
-3.262490645017530055e-01 1.649107136039700050e+00
1.210436162689239925e+00 1.631577649999659929e+00
5.357949169952039847e-01 1.417524927188650086e+00
-5.795294734379550228e-01 1.235782519530169932e+00
3.964005297919659943e-01 2.031832025641929995e+00
6.691117399995609727e-01 2.108085920591209916e+00
2.912455613410609989e-01 1.734400158310309914e+00
1.455801729590260052e-01 1.334015135025659937e+00
-9.301742976515420258e-01 9.287460068633289767e-01
2.700121341542019993e-01 2.153973506017190065e+00
-4.113983180624049968e-02 1.787549347069959937e+00
-2.614647053711129931e-01 1.470265983462690107e+00
1.156747808675760103e+00 1.501495235452479982e+00
-6.772536357848100153e-01 1.179724118330460092e+00
2.373048070621530115e-01 2.248347593664369981e+00
1.647877275791360119e-01 1.827529865820539889e+00
4.587853903474969908e-01 1.517816103605730049e+00
-8.405854322728819605e-01 1.004731404823000052e+00
-4.263321450415760161e-01 1.281986322906569997e+00
1.010187859927260012e+00 1.871952616167720018e+00
-2.750126888902370004e-01 1.678020277559820084e+00
1.995340762248369870e-01 1.370801575688179952e+00
4.017619588277170084e-02 1.160957025322669978e+00
-2.750723642189580043e-02 1.319105399019000036e+00
2.516464921752289974e-01 1.354211710427120074e+00
5.257475194896109594e-01 1.565485647880600073e+00
-1.762725900888449937e-01 1.480052389254030043e+00
7.614618544622090424e-01 2.292864732929499993e+00
-9.741267754967489756e-01 9.192101323483270470e-01
1.089417808411579980e+00 1.585864004059019949e+00
-2.243674442719910123e-01 1.749668372083089896e+00
-4.448573238371290178e-02 1.656221548677210054e+00
-3.206539568211300151e-01 1.609127056440230019e+00
4.924123157044659749e-01 2.328239442811510074e+00
-8.812465220264099619e-01 9.565682799111120405e-01
-1.334213404776010137e-01 1.388650111220780081e+00
-4.831445202240560177e-01 1.163852695764219902e+00
1.001262507565140042e-01 2.015553279476889781e+00
-7.659722335213280386e-01 1.186668655264460082e+00
1.296054592587009946e+00 1.528094954200220013e+00
-9.502298812620390001e-01 9.269454446378809775e-01
1.077390708352159998e-01 1.442440736915630017e+00
9.291368601658409609e-01 2.097207688542610082e+00
2.178200041340810078e-01 1.311403720776249893e+00
7.528718099860379764e-01 1.569336462511659924e+00
-9.838463170767419719e-01 9.330247932827510082e-01
5.939296623645879958e-01 1.339367361319659944e+00
-1.012145526842560095e+00 9.227137234303169899e-01
2.864957571257540150e-02 1.755465556681949924e+00
8.354232234714009664e-01 1.376605858315689934e+00
-9.888444427179480245e-01 9.155776392810910380e-01
8.845048256100379591e-01 1.374413033232489978e+00
3.367999362010750120e-01 1.387504529500870110e+00
-8.649993090981400456e-01 9.678529002713599505e-01
-5.089751776073360157e-01 1.425522636251959963e+00
8.311119025050229814e-01 1.518909578932200022e+00
-1.411234972005820099e-01 1.827961941046120087e+00
-5.977285946100000524e-01 1.149869476660950074e+00
7.245971517702419762e-01 2.282464575290990005e+00
2.464316797972020134e-01 1.481807901683549922e+00
-2.753468537558900059e-02 1.438006386992219943e+00
-1.035071866647290006e+00 9.042088008035540359e-01
5.419527360809189842e-01 1.659959681068750026e+00
2.675673989843960210e-01 1.670585549832170003e+00
-9.624619415767959874e-01 9.479742367671699643e-01
-7.089769339079320387e-01 1.006313327186239892e+00
8.286164557940709496e-01 1.586078640753469937e+00
-2.812216648316829826e-01 1.083898690834800060e+00
5.193414278561090391e-01 2.250449008521600014e+00
3.802105623118420263e-01 1.508550318609380048e+00
-5.187191120498589880e-01 1.426697172996169938e+00
4.707912721139739798e-01 2.356843204538320080e+00
4.181029892757540112e-01 1.379759927208960013e+00
1.139352478356590037e-01 2.001625056164670013e+00
-8.097775228027479510e-01 9.875831965748359531e-01
5.721300913074780503e-01 2.514618326863859998e+00
-3.912829915296099810e-03 1.564775404473740084e+00
1.884837229544490123e-01 1.994149698094479950e+00
-4.105564706271739861e-01 1.521230411497519919e+00
5.302813814409029769e-01 1.559915589495949995e+00
-6.661267336558169827e-01 1.017484439085390102e+00
-1.736494705085619983e-01 1.548931601463660046e+00
-1.004397709941110106e+00 9.122627734990189641e-01
4.680580780740779823e-02 1.688295785279299910e+00
7.030789234896409612e-01 1.424216034441589951e+00
-7.266319751808869576e-01 9.923277558877650062e-01
-6.369321571939540183e-01 1.233564695841020020e+00
-2.449685595563700080e-01 1.564245021029520011e+00
-3.293597608804110233e-01 1.089606142379750064e+00
-1.024537082079920003e+00 9.101454279109389978e-01
-1.951988847378350045e-01 1.395139379057420026e+00
4.751589675016790193e-01 2.162748797826380187e+00
-5.075997037221909869e-01 1.233111741269010020e+00
-5.200299740579550356e-01 1.416682817429069985e+00
