-1.415639617425819896e+00 -1.431368251640610101e+00
-1.737242283732449932e+00 -1.662464335803689908e+00
-1.858045003494789960e+00 -8.216143642660650448e-01
-7.527406484692780175e-01 -2.241951319776379847e+00
-1.727652161566969991e+00 -8.476234314335799880e-01
-1.450681746092959967e+00 -1.177754572445290027e+00
-8.315878341387089590e-01 -1.855656671415520043e+00
-1.543412454317899973e+00 -1.298359971761190002e+00
-2.073675410922580120e+00 -4.894102743753990237e-01
-1.983387581113029929e+00 -6.962434629709000067e-01
-1.769566230611739899e+00 -1.023123901956060067e+00
-1.524311385776339955e+00 -1.832895137275670105e+00
-1.610702194678800048e+00 -1.352355953254710030e+00
-2.042219538037500115e+00 -5.867488682908850173e-01
-2.005410668556640186e+00 -7.221180718730609849e-01
-6.187939714088249721e-01 -2.151446821033839996e+00
-2.094800012771799835e+00 -4.703736783665329879e-01
-1.637320701826610048e+00 -1.518077483146460072e+00
-1.367644800729479915e+00 -1.253647373020470024e+00
-1.520170508121089892e+00 -1.228731092255670010e+00
-1.403407136142929890e+00 -1.522240281999519995e+00
-1.455089797525100037e+00 -1.136611693911419918e+00
-1.560612001476660016e+00 -1.360546868795359909e+00
-1.625439326762800007e+00 -2.276749301564009897e+00
-1.506147592813420033e+00 -1.918535284318160006e+00
-1.076258593580960099e+00 -1.966537566830659944e+00
-8.788626108424659744e-01 -2.462479757535299907e+00
-1.348820132573780084e+00 -2.415688750521360006e+00
-1.141042778660209978e+00 -1.579714151785569953e+00
-1.804594884862299908e+00 -1.249410026444730093e+00
-1.833391986728929890e+00 -1.315321565583110086e+00
-1.266612967717070104e+00 -2.016389788783869985e+00
-2.093929178923140011e+00 -4.815185802781030144e-01
-1.412866129123939940e+00 -1.686139873008980050e+00
-1.784174622029099933e+00 -1.285934730955829997e+00
-1.328391026102119898e+00 -2.143553081202850041e+00
-1.226925572676160092e+00 -2.420516959450349948e+00
-1.388766284207179957e+00 -2.493320998470370142e+00
-1.336596540626930008e+00 -1.701147032325329933e+00
-1.828861004629710019e+00 -7.586378630765160391e-01
-1.937261074804480065e+00 -1.096943452503789995e+00
-1.148578855427869971e+00 -1.552903503581009925e+00
-1.831441485207109920e+00 -1.386245831278940077e+00
-1.236452889711350034e+00 -2.096094512235910035e+00
-1.876986435155590049e+00 -1.381363988349679994e+00
-1.501613136277450078e+00 -1.553029875681690042e+00
-1.315998399631810090e+00 -1.565771469546449968e+00
-1.153112533415000085e+00 -1.540352246446859974e+00
-1.760958468081069928e+00 -7.954636040830249666e-01
-1.880894269451899969e+00 -7.863296374051480520e-01
-1.953956394864170054e+00 -7.821325416009470288e-01
-1.684747355553269932e+00 -8.784245720158440074e-01
-1.423299244446510015e+00 -1.739314775148689929e+00
-2.076046730101599902e+00 -4.912520577168120184e-01
-1.953121201719739908e+00 -9.033080475139160237e-01
-1.526803925694389941e+00 -1.701114376348989987e+00
-1.697304416341540056e+00 -2.109322182889799890e+00
-1.077915588157259963e+00 -1.651599668651070107e+00
-1.329205939446610030e+00 -1.882034576080690025e+00
-1.398170694114680090e+00 -1.295991232372059931e+00
-1.422163024937330045e+00 -2.536340432527500077e+00
-1.663612395734550109e+00 -1.216372330864970097e+00
-1.533043304730340006e+00 -1.158016208164549976e+00
-1.919565125675599893e+00 -7.759883075349850445e-01
-1.716656016794789963e+00 -1.245658695253410109e+00
-7.714662278380099991e-01 -2.461658893619310007e+00
-1.647472182575860034e+00 -1.726566689105089925e+00
-9.522942481110310275e-01 -2.227046367460450149e+00
-2.053842043726600064e+00 -6.448516191591630031e-01
-1.718148144411520084e+00 -1.251465595701310107e+00
-1.626876811409510015e+00 -9.990010517821960034e-01
-1.866895320553719984e+00 -7.228826394700339497e-01
-1.652364082385429978e+00 -1.758078419660249914e+00
-1.618915868357319932e+00 -1.154808859809089983e+00
-1.830664937295660044e+00 -1.444987907284219997e+00
-1.981699210198119898e+00 -7.427391549112150049e-01
-2.093809398104419905e+00 -4.849022385393220169e-01
-1.527440420831470025e+00 -1.621682921174399938e+00
-1.594694236466920101e+00 -2.113579265570470156e+00
-1.679382423357429932e+00 -1.258444184089710038e+00
-1.384807626822589954e+00 -2.245529402089959881e+00
-1.492663724459480035e+00 -1.428170402900470037e+00
-1.117166709366050004e+00 -2.014220336854569915e+00
-1.363234717922259920e+00 -1.928713921374519913e+00
-7.467875851087439898e-01 -2.249726746856130166e+00
-4.273714756243390256e-01 -2.111193110386320182e+00
-1.933648452743859991e+00 -9.629673074481780448e-01
-1.469762488082190011e+00 -1.187940098017139956e+00
-1.532535096413979891e+00 -1.515313159122680053e+00
-6.769761076416990209e-01 -2.278349255851499944e+00
-1.863406037092889989e+00 -1.240640150807859943e+00
-1.331258409436810064e+00 -2.384777347144099835e+00
-1.664164442775899921e+00 -2.012042007663020105e+00
-1.304376477304459936e+00 -2.046924112228130088e+00
-1.939079762725300027e+00 -1.067326873792050046e+00
-1.571355805312830034e+00 -1.413568841843440005e+00
-1.275253359634769934e+00 -2.114202374910589821e+00
-1.491794171609899911e+00 -1.134545600036529933e+00
-1.714829471879750100e+00 -1.206356270740490011e+00
-1.555778963350120003e+00 -2.127887165849709827e+00
-8.344137044639450274e-01 -1.957529957780580032e+00
-9.680074078434830476e-01 -2.024580567046680102e+00
-2.060763896112030036e+00 -5.460106273479869987e-01
-1.943483587406289903e+00 -9.620451071970019807e-01
-1.678819291976159978e+00 -1.290597762482639910e+00
-1.523856739985689934e+00 -1.231352681541260097e+00
-9.206618575522099723e-01 -2.414554955613399834e+00
-1.821080139958169974e+00 -7.383307129076419617e-01
-1.417917169083309892e+00 -1.202700480596009980e+00
-1.404061566188389953e+00 -1.308457933566129938e+00
-1.431229731919450021e+00 -1.412172860905080096e+00
-8.006366139408399585e-01 -1.687431317828619992e+00
-2.075437981036960089e+00 -5.376296666496840349e-01
-1.739412524981160058e+00 -1.263075349592390095e+00
-1.603999785402510092e+00 -1.978307624431669964e+00
-1.478890636748720011e+00 -1.213154879164930033e+00
-1.816039705818079941e+00 -1.180668589762730036e+00
-1.732712268418600043e+00 -1.159466580357320087e+00
-7.425274863217730115e-01 -2.415441962644460094e+00
-1.492286960117860106e+00 -1.274629120434809915e+00
-1.688830924870339922e+00 -1.145030143273469969e+00
-1.999165926577830099e+00 -7.554426690233020381e-01
-1.304793950153219972e+00 -2.114764703208880103e+00
-1.943428838971839934e+00 -7.561198232392709606e-01
-1.845267126151669990e+00 -1.314259421932689964e+00
-1.143555681887439945e+00 -1.568964225124990008e+00
-1.794555605992429914e+00 -7.502306707772570249e-01
-1.124133224830119904e+00 -1.397836330871659927e+00
-1.464874054788479985e+00 -1.462253414950279939e+00
-1.036386226325259896e+00 -2.185890860531169988e+00
-1.974457121119119973e+00 -9.555082827334250295e-01
-1.731625932535189927e+00 -1.033713222449130109e+00
-1.720120293246399923e+00 -1.756621185137170027e+00
-1.104386521540899890e+00 -2.534122422042250022e+00
-8.207727299284069966e-01 -1.884861835294389998e+00
-1.994405646579660019e+00 -8.094056675765659570e-01
-1.672625162756530059e+00 -9.543447431734080055e-01
-1.466495971536009968e+00 -2.330765697973189887e+00
-1.009994134823750001e+00 -2.228364387780669809e+00
-1.209304890761790041e+00 -1.511286633788279987e+00
-1.209034150905180072e+00 -2.043501688495919844e+00
-1.058568417016719998e+00 -1.651809549011499900e+00
-1.152944039916810048e+00 -1.970568776194469907e+00
-1.982632377225310050e+00 -7.790463215675460518e-01
-1.040470461062040108e+00 -2.566973501138369862e+00
-1.082829795415160001e+00 -1.887233922482399961e+00
-1.457617768217210008e+00 -1.682619549001469927e+00
-1.151202071694539919e+00 -1.517652189646989891e+00
-1.761554888761780013e+00 -1.198034118817659976e+00
-2.047553344213259852e+00 -5.967363561810420380e-01
-1.990007786101100073e+00 -6.041543296038369704e-01
-2.055026640832750218e+00 -6.013641602539450126e-01
-1.969366568455970024e+00 -7.746966499452719868e-01
-2.084128450180979808e+00 -4.815687485656450217e-01
-1.433272601574389959e+00 -2.735005441558500117e+00
-1.471838008999420078e+00 -1.173311526916670067e+00
-1.207745956073700055e+00 -2.646049577269040221e+00
-1.383944351450479893e+00 -1.537387325118350079e+00
-1.764187818619050052e+00 -1.603159867426960039e+00
-4.565897033588440235e-01 -2.098051077936370135e+00
-1.761563753738200067e+00 -1.248323358023180063e+00
-1.414572629325210107e+00 -1.173569458976450042e+00
-1.538168478600580036e+00 -1.555495181436209906e+00
-1.600488256381660035e+00 -1.974302418921970004e+00
-1.497876198774690026e+00 -1.379080551669360055e+00
-1.840878186843579956e+00 -9.745787740382380049e-01
-1.534085053136359900e+00 -2.739773112533590016e+00
-1.577026354326920066e+00 -1.398540714055330092e+00
-1.372367172752749997e+00 -1.800271053053110082e+00
-1.358308378195330013e+00 -1.538749871421210003e+00
-1.224596522936769905e+00 -1.514011567258789936e+00
-1.282247817497589981e+00 -1.617846676856619981e+00
-1.261870460188809995e+00 -1.636257581587790000e+00
-1.555987456321840101e+00 -1.091630094659510108e+00
-1.256903668100199933e+00 -2.623475685553629866e+00
-8.750980502937230066e-01 -2.273335800427950026e+00
-1.548598072170799922e+00 -2.765957528113470065e+00
-9.255040752782960345e-01 -1.969876539888659961e+00
-1.306178367647089944e+00 -2.198991995468150051e+00
-1.340279844234359974e+00 -2.137554517104680141e+00
-1.607832645651710024e+00 -1.059722913462620042e+00
-8.712612586127770342e-01 -2.441274603636760077e+00
-9.037289635021259482e-01 -1.834148802718519988e+00
-1.564942582834540019e+00 -1.497083852616329924e+00
-1.757074486589649931e+00 -9.824533437521030255e-01
-1.637145108699030072e+00 -2.226456478808419792e+00
-1.640421324811480064e+00 -1.824391650260849929e+00
-1.809025443412310086e+00 -8.915874119089699512e-01
-1.848632096960310056e+00 -1.491463469370789996e+00
-1.797891553231560025e+00 -1.456248878764430099e+00
-1.423685362629039997e+00 -2.015539536167020085e+00
-1.901748423370809959e+00 -1.213629465969819909e+00
-1.983755017699140089e+00 -6.872258353626610194e-01
-9.565006462044109981e-01 -1.824543173834120013e+00
-1.798492772739910039e+00 -1.012114852606730064e+00
-1.879506546108449916e+00 -1.017466776389519989e+00
-1.404552679927250081e+00 -1.850997174044670013e+00
-1.148822016900520104e+00 -1.472589299500449922e+00
-1.889841864651919945e+00 -1.312444025718400020e+00
-1.256444263841739906e+00 -2.293450531603050013e+00
-1.005227724361980046e+00 -2.072443453450020012e+00
-1.580819939777390104e+00 -1.147006228438409936e+00
-1.791177355157949957e+00 -1.236063072664159934e+00
-1.841798348037350097e+00 -1.512251739269719897e+00
-1.550693704888189917e+00 -1.596027530434289909e+00
-1.228433888498009940e+00 -1.426539440376680012e+00
-1.484082493696289973e+00 -2.164824285646259838e+00
-7.365303312109460210e-01 -1.786118453153670016e+00
-1.567479966785370049e+00 -1.550647401866179997e+00
-1.313813408204369981e+00 -1.585943451799799897e+00
-2.014641847922809870e+00 -7.060086889768260043e-01
-1.916235004881180037e+00 -8.528597880239739970e-01
-9.606003385040819964e-01 -1.535751328672340099e+00
-1.498601488426759998e+00 -1.412142589922539937e+00
-1.077250372786390020e+00 -2.175017996619549976e+00
-6.238581450260139993e-01 -2.231366468935179981e+00
-1.326845447615349949e+00 -2.757169819981069914e+00
-1.847876849218770046e+00 -7.638328014687639778e-01
-1.549549515837169933e+00 -1.451929636197150097e+00
-1.990297130494909972e+00 -5.698979974174179786e-01
-1.572832506865829982e+00 -1.778130097002690091e+00
-8.437215718650340479e-01 -2.088536133974399966e+00
-2.018342522556780150e+00 -6.132133265139509959e-01
-2.018363237942600197e+00 -5.461915071392769994e-01
-1.708619587734979905e+00 -1.357253294212569905e+00
-1.150110452770600089e+00 -2.500498383176870121e+00
-1.194083331755920074e+00 -1.595652037224329911e+00
-1.984378490297439956e+00 -7.727997947374299903e-01
-1.631079066762000096e+00 -9.814791687336830162e-01
-1.296756283038299928e+00 -2.065114104044130094e+00
-1.777751721499480020e+00 -8.038289915033030031e-01
-1.434255277391510042e+00 -2.215372428303199914e+00
-1.479230341408600102e+00 -1.905803071471549925e+00
-2.080502928296290133e+00 -5.230739997760099902e-01
-6.954403546024070515e-01 -2.158425600904009922e+00
-1.297888478074449958e+00 -2.008885134611519963e+00
-1.789144755800849973e+00 -1.499345211244319964e+00
-1.500899305891139957e+00 -1.986073856982280006e+00
-5.385476823766010002e-01 -2.252361365462629994e+00
-1.049930595300029967e+00 -2.089506813810079855e+00
-1.297921376153039930e+00 -1.767692478166410064e+00
-1.378014547443860094e+00 -1.859917496512949908e+00
-1.356546410515689915e+00 -2.379258000943670126e+00
-1.772269380741209988e+00 -1.015451477620689991e+00
-1.874063655587820065e+00 -1.119015249423289893e+00
-1.794796510623370089e+00 -9.962999295172629832e-01
-1.518678516356589903e+00 -1.769794328686800089e+00
-1.491714057539540006e+00 -1.158403219813679996e+00
-1.990355277017459956e+00 -6.096259376254880014e-01
-1.249700465377399983e+00 -1.565429701168659982e+00
-1.190027179244429911e+00 -1.402066941735460093e+00
-1.391824333291870053e+00 -1.438398034375530044e+00
-1.154416434926279988e+00 -1.428172181407709962e+00
-1.581576820152239993e+00 -2.443520303754290079e+00
-1.048264641959330001e+00 -1.657568474523289925e+00
-1.959843886754959907e+00 -9.950562442273780395e-01
-1.522152627907999989e+00 -2.050606748159299997e+00
-1.816439554918050092e+00 -1.336041596511460039e+00
-1.814183246573779940e+00 -8.825288408810150198e-01
-1.708585968697500013e+00 -1.342560530625110049e+00
-1.715634118564880017e+00 -1.807782586272939973e+00
-1.390838820769980000e+00 -2.663026223442659823e+00
-1.384896541066690023e+00 -1.323281887561370107e+00
-1.552472501444549957e+00 -1.401023448761939960e+00
-1.646501278915829980e+00 -2.001682942708530089e+00
-1.775757390941619995e+00 -1.625005077178309998e+00
-1.454352111102509948e+00 -2.486988667004180087e+00
-9.869621387765530329e-01 -2.146152189398800036e+00
-1.025966388422689946e+00 -2.229009877702989861e+00
-8.271168140685369874e-01 -1.882588113826320075e+00
-2.020210837875629828e+00 -6.752629517797009706e-01
-1.464601626806000034e+00 -2.088453350249880103e+00
-1.915612651044539927e+00 -9.781184938695800524e-01
-1.355560634725579972e+00 -1.811015714781480046e+00
-8.424677817749040010e-01 -1.846108651322500016e+00
-5.500153845205000280e-01 -2.132191978108440189e+00
-1.414062131032360004e+00 -2.231582043532189807e+00
-1.862791339753639974e+00 -8.914401811899059780e-01
-6.416790861690060410e-01 -2.083043431273159829e+00
-1.075760710651010088e+00 -2.230051453835140141e+00
-2.029110675392209906e+00 -6.632473746032380157e-01
-1.971669686275669964e+00 -6.599941005280539619e-01
-1.975648823965860057e+00 -7.433730041079870121e-01
-1.490252325329670002e+00 -2.183719130591740054e+00
-1.777414585018350035e+00 -7.708365745298889626e-01
-1.671800672859049985e+00 -1.092341897311249976e+00
-1.769296639488139977e+00 -1.577584333978210074e+00
-8.019913649240919540e-01 -1.805929940742400097e+00
-1.837955869312720036e+00 -8.594799021149670537e-01
-1.794000288205839899e+00 -1.528692128048360077e+00
-1.363559980475669953e+00 -1.929726027175870051e+00
-1.764154763181269958e+00 -7.902197139486190069e-01
-1.769433040042379890e+00 -1.461920464952360055e+00
-1.225514874485100103e+00 -1.497725196226779909e+00
-1.975220294074669924e+00 -7.490598902606370180e-01
-1.604557355423849918e+00 -1.131357667924089982e+00
-2.060309935134549963e+00 -5.179307783651849739e-01
-7.083065259872890485e-01 -2.215644272397660153e+00
-7.932957219706979757e-01 -2.248212744179900024e+00
-2.090577687577180210e+00 -4.921172638797660093e-01
-1.514887071761910065e+00 -1.473473888384629893e+00
-1.853598354578610108e+00 -1.346930056019939981e+00
-1.485156484496090057e+00 -1.334151461068560085e+00
-1.308809005280100024e+00 -1.491553631625160081e+00
-1.561905770034250018e+00 -1.622942217029119893e+00
-1.974989270600860047e+00 -8.433813291310460203e-01
-1.748981843882779996e+00 -7.972923562193680036e-01
-1.643145749016019952e+00 -2.036349670510369858e+00
-1.259030427134030017e+00 -1.772450887005089903e+00
-1.517237111345280054e+00 -1.811005734768970088e+00
-1.705651113702080002e+00 -8.728446601821020501e-01
-2.040653101978390005e+00 -5.677278890425430102e-01
-1.135708769209849978e+00 -1.986506439681529956e+00
-1.731726648673370006e+00 -1.466047436980500107e+00
-1.225043441771860087e+00 -1.746075785315339912e+00
-1.227055661799320019e+00 -1.306384209678040031e+00
-1.085057894711420001e+00 -1.794377751137349986e+00
-1.290184746812359950e+00 -1.240601741922279899e+00
-1.800887769804419891e+00 -1.261449878580320094e+00
-2.071664480133560193e+00 -5.590218073007110489e-01
-7.023384020292280372e-01 -2.368502015309490005e+00
-1.831621618679849961e+00 -9.595134303871429848e-01
-1.500708162498560094e+00 -2.203438964682769896e+00
-1.876382237057200086e+00 -1.196357165273800094e+00
-9.669424561902020265e-01 -1.716479393213429905e+00
-1.130657919791030031e+00 -1.594823813716720107e+00
-1.183630280417039993e+00 -1.361775969498419947e+00
-1.219655607570170108e+00 -1.576942150152019995e+00
-7.853495254139399862e-01 -1.703997901864650055e+00
-1.521727135715700063e+00 -2.506585932125629856e+00
-1.023315872607039934e+00 -2.409010348236780175e+00
-6.116145501781780069e-01 -2.030901972881240081e+00
-1.703107399860660065e+00 -1.626772543664910087e+00
-1.048283770912080026e+00 -2.590444609115860164e+00
-1.756743028695100017e+00 -9.229180707572020026e-01
-1.343489649644959982e+00 -2.457294623516220078e+00
-1.487420510261840079e+00 -2.140699933031350088e+00
-1.751036003007979902e+00 -1.739673357051330083e+00
-2.054511984128459812e+00 -6.524896958565900018e-01
-1.484270626919820035e+00 -1.370075297616339949e+00
-1.910184808074099960e+00 -7.911840716762770231e-01
-1.352214305279950013e+00 -2.495306614547510016e+00
-1.597518823443129898e+00 -1.159773360356830096e+00
-1.154350510666589891e+00 -1.685656337476820088e+00
-1.697480308065139942e+00 -1.670514952932729891e+00
-1.558571856152729973e+00 -1.567269742614489925e+00
-1.001850830913050050e+00 -1.802575223257580017e+00
-1.699272531165449962e+00 -9.138354019100329850e-01
-1.635265077875549977e+00 -1.433961025518359911e+00
-1.495949647092180035e+00 -2.369200399051380135e+00
-2.081400758187080147e+00 -5.357764571266120379e-01
-1.667862466990289949e+00 -1.256908020922610003e+00
-1.647361265410850040e+00 -1.363782289871340092e+00
-1.849256922535889913e+00 -1.220111608171599915e+00
-1.893011201662150089e+00 -7.954582503372930047e-01
-1.217905140310520107e+00 -2.026528388849690110e+00
-8.448756283975229486e-01 -2.326623460145730071e+00
-1.354450815160020083e+00 -2.564033884172399969e+00
-1.264404543883520082e+00 -2.710740555177120203e+00
-1.000334903119449947e+00 -1.625784421695730009e+00
-1.265985157829319974e+00 -1.445902079233390092e+00
-1.806823777457619906e+00 -1.677722172573419934e+00
-2.081711977218999809e+00 -4.867583987288500169e-01
-1.629977926491749995e+00 -1.482349690083230032e+00
-1.873067108945990045e+00 -1.169549310574460099e+00
-1.628112366436410108e+00 -1.386472961581989960e+00
-1.222317103703270069e+00 -1.935920248517680076e+00
-2.057273152198329846e+00 -6.056225818952809536e-01
-2.056416102537430124e+00 -5.181678249443050222e-01
-1.720977181296539982e+00 -8.330601579891470099e-01
-8.785712659969520111e-01 -1.930257554397430075e+00
-1.745353505307700059e+00 -1.151757431501539974e+00
-1.768134636760519962e+00 -9.687217455507209918e-01
-2.080296012112799797e+00 -5.035339525374330494e-01
-1.988203615312299943e+00 -6.179425945845260504e-01
-9.050215248892099495e-01 -2.216083469890190116e+00
-1.848875368180739942e+00 -1.058158240486839929e+00
-3.466304080314709934e-01 -2.134659918785109856e+00
-7.328878868030750393e-01 -1.982686128657390023e+00
-1.726762347215430093e+00 -1.007004175554969905e+00
-1.796944795802319916e+00 -1.725606893932420061e+00
-1.594847480819540086e+00 -9.529951417577859907e-01
-1.009066326329270069e+00 -1.588617637791589932e+00
-9.207083576113179735e-01 -2.389850107512550004e+00
-1.338420565409369933e+00 -2.551153801330289905e+00
-1.837857166251779972e+00 -1.332406719446149967e+00
-1.490982617075699901e+00 -2.026186519414720166e+00
-1.895950086711519988e+00 -1.034535260264539902e+00
-1.139076833547719936e+00 -1.939647514623219937e+00
-1.430921809024009894e+00 -1.768939687694139895e+00
-1.694371683038899956e+00 -1.918511520591869912e+00
-1.976832396412699921e+00 -6.626382814071679617e-01
-1.530812689233870039e+00 -1.203383685344350029e+00
-1.564602797455370009e+00 -2.395140748083319782e+00
-2.022412172786340001e+00 -7.854897741361740460e-01
-6.434963989829559639e-01 -2.348057567835859949e+00
-1.763193038056849904e+00 -1.457660240668400053e+00
-1.538757151817520041e+00 -2.625238026457980212e+00
-1.632385688536770019e+00 -1.442026804213029978e+00
-2.019648210776940012e+00 -5.925470221351419875e-01
